10 20 2 # rows cols altitudes
10 2 2 20 # target_count cov_radius ballon_count turn_count
5 10 # launching coordinates
9 0  # coords target 0
4 0  # coords target 1
7 10  # coords target 2
8 5  # coords target 3
7 1  # coords target 4
5 16  # coords target 5
9 16  # coords target 6
4 1  # coords target 7
8 9  # coords target 8
3 12  # coords target 9
2 1 2 0 -2 1 -2 0 0 -1 0 0 -2 -2 -1 2 -1 -1 2 -1 2 -2 1 -2 1 0 -2 1 1 -2 0 0 1 0 0 0 1 -2 -1 1
0 -1 2 -2 0 0 2 0 2 0 1 -2 1 1 -1 0 -2 -2 2 1 -1 0 2 -2 2 -1 2 0 0 -2 -1 -2 1 -2 1 -1 -1 1 -2 -1
-1 0 1 1 -1 1 0 1 0 -1 2 1 2 -1 -1 -1 -2 -1 -1 2 2 0 0 0 -2 -1 0 -1 -2 1 0 -2 -1 -1 2 1 2 -1 -1 0
0 1 -1 1 -1 -2 2 0 0 0 -2 -1 0 -2 -2 0 -2 -2 1 1 1 1 1 -2 2 0 1 1 -2 -2 0 -2 0 1 1 0 0 -1 2 2
2 1 0 -1 -1 1 2 2 0 -2 -1 0 -1 2 1 -1 0 0 2 2 -1 -2 0 -1 1 1 -2 -2 0 1 -1 -1 -1 2 1 -2 2 2 -2 1
2 0 -2 -2 0 0 0 2 -1 0 -1 -2 -2 2 -2 1 1 2 1 -2 0 1 1 1 1 0 1 -1 0 -1 -2 2 -2 2 1 0 1 -1 -2 -2
1 -2 0 -2 -2 -1 1 -1 2 1 -1 2 2 2 -1 -1 2 -1 2 1 -1 -2 -1 -2 -1 0 -2 1 -1 -2 0 2 1 0 0 1 -2 0 -2 2
2 1 2 1 -2 1 -2 2 -1 0 0 -1 -2 1 1 1 -1 -2 -2 -2 -2 1 -2 -2 -1 2 2 1 2 -2 2 0 -2 2 -2 1 -1 1 0 1
2 2 -2 -1 -2 -1 -2 0 -2 -1 1 2 1 -2 1 -2 -1 2 0 -2 0 -1 1 -1 0 -1 1 -1 1 -2 2 -1 0 1 -1 1 -1 -1 -1 -2
2 2 1 -1 2 2 -2 -2 0 -1 -1 -2 -2 1 -1 1 2 0 -2 1 -2 2 -1 2 -2 1 1 2 -2 -2 -2 -2 0 1 1 1 2 0 1 -1
1 2 2 -2 2 -1 2 -2 -2 1 0 1 -2 -1 2 2 1 2 0 1 1 0 0 -2 -1 1 2 2 -2 -1 0 -2 -1 0 2 -2 -2 0 0 1
-1 1 -1 0 -2 0 0 -2 -1 0 -2 1 2 -1 0 -2 2 -2 0 2 1 0 -2 0 -2 1 -1 0 -1 1 1 -2 -1 -1 -1 1 1 -1 -2 0
-2 2 -2 0 2 1 2 2 1 -2 -2 0 1 1 -1 1 2 1 -1 -1 -2 -1 -1 2 1 -1 2 1 -1 -2 2 -1 -1 1 0 -1 -2 -1 1 1
1 -1 2 1 2 0 2 -1 -1 2 0 2 -2 0 -1 2 1 0 -1 2 -2 1 2 2 1 0 2 2 0 1 0 0 1 1 -2 1 -2 -2 1 1
-1 -2 0 1 -1 0 -1 -1 -2 0 2 2 -2 0 -2 -1 1 2 -2 2 1 -1 -1 2 0 1 -1 -1 2 -2 -2 -1 2 2 1 2 2 2 -1 2
-1 1 -2 -2 -1 1 1 2 -2 -1 2 -1 2 -2 0 1 0 -1 -2 -1 -1 0 0 0 1 0 -1 1 -1 2 2 2 -2 1 -2 -1 0 2 2 -1
-2 1 -2 2 2 0 0 0 -2 -1 1 0 -1 -2 0 -1 1 -2 2 0 2 -1 2 1 2 1 1 1 -2 -1 -1 -2 -1 -1 -1 1 1 -1 2 -2
1 0 -1 -1 2 -2 -2 0 -2 -1 0 2 -1 0 -2 -1 -1 2 -2 0 2 1 -1 2 0 -1 1 -1 2 1 1 -2 0 1 -1 1 -2 1 -2 -1
0 0 -1 -1 1 1 -2 -2 -2 -1 1 -1 -2 0 -2 1 2 -1 -1 -2 -2 0 -2 2 -2 -2 2 -1 2 1 1 0 1 0 -2 -1 -1 -2 -1 -2
-1 -1 0 -1 0 2 0 2 2 1 -1 2 2 -1 -2 0 2 -1 -1 2 0 2 -2 -2 1 2 0 -1 0 0 2 2 -1 -1 1 -2 -1 0 -2 -1
