40 80 4 # rows cols altitudes
20 4 10 40 # target_count cov_radius ballon_count turn_count
20 40 # launching coordinates
30 54  # coords target 0
12 38  # coords target 1
27 68  # coords target 2
30 58  # coords target 3
10 50  # coords target 4
20 6  # coords target 5
37 63  # coords target 6
26 20  # coords target 7
35 36  # coords target 8
37 71  # coords target 9
27 3  # coords target 10
30 27  # coords target 11
23 0  # coords target 12
14 74  # coords target 13
3 37  # coords target 14
11 59  # coords target 15
3 77  # coords target 16
26 61  # coords target 17
17 35  # coords target 18
25 75  # coords target 19
2 -2 3 -1 1 2 -3 0 0 -3 1 0 3 3 3 -3 1 -3 2 -3 3 3 2 0 1 1 2 -2 2 -1 -3 -2 2 -2 -2 3 -3 -3 -1 0 -2 3 -1 3 2 1 2 1 -2 -3 1 -3 3 -1 3 2 -1 -3 -3 1 -1 3 -3 3 0 1 3 0 0 -2 -3 -1 0 0 -3 2 -3 3 -2 -3 1 1 3 0 0 2 0 2 -2 0 0 -3 2 -2 0 2 -1 -2 3 0 -1 -2 -2 1 -2 -1 2 1 3 -1 1 -1 3 3 3 0 -1 -3 -3 -3 -3 -1 0 0 0 3 3 -3 1 0 2 1 -3 -2 -1 -3 3 -3 1 -3 -2 3 -2 -3 -2 2 3 1 3 -2 0 1 -1 -2 -2 2 0 1 0 -1
0 -3 -2 -2 -3 1 2 1 -3 2 -2 3 -1 -1 3 0 2 1 1 -1 2 -1 -3 1 -3 1 -3 2 1 0 -1 0 1 -1 3 3 -2 -3 -1 0 1 3 2 -3 -3 -1 -1 3 -1 0 2 -3 2 0 -1 0 2 -2 3 3 3 0 0 -3 -3 1 1 1 0 -3 2 -2 0 3 3 -3 2 3 3 2 1 3 0 -2 2 0 -2 1 0 -3 3 0 2 -2 -1 -2 0 0 1 1 -1 -1 -1 -1 -1 -3 -3 1 1 -2 -1 2 3 1 0 3 -3 -1 -3 -3 -1 -2 1 -2 -1 3 -2 -3 -2 0 3 3 1 -3 2 -2 -2 -3 1 -2 2 0 1 -2 2 -2 2 2 2 1 3 2 -2 -3 1 -1 2 1 -3 -2
3 1 2 -2 -3 0 3 -2 -2 0 -1 -1 1 2 -2 -2 2 0 0 1 -1 -1 -1 2 -1 2 0 1 0 3 -1 3 3 2 -2 -2 1 1 1 -3 -1 0 1 -2 0 1 -1 -3 2 2 1 0 2 0 2 -2 1 1 -2 1 3 2 0 -2 1 1 1 3 0 -3 -3 1 3 0 0 3 1 0 1 -1 -3 -2 -1 3 -2 1 0 -1 -3 3 -3 -1 -2 3 -1 -3 3 0 2 -3 3 0 3 -1 0 3 0 1 -1 -2 -2 -1 -3 0 -1 2 -3 2 -3 -2 0 2 -1 2 1 -2 -1 0 -1 3 -3 -2 0 -2 1 1 -3 3 3 2 -1 0 -2 -2 1 1 2 1 -3 3 1 1 0 3 -2 -1 -3 0 2 0
1 2 -2 3 -3 -2 1 1 -1 2 2 0 3 -3 -3 1 0 2 3 -1 -2 -2 -2 -3 0 2 -3 -2 -2 0 -2 -1 2 3 2 2 -3 -1 2 0 0 -2 -3 1 -3 2 2 -1 0 -1 0 2 0 -3 1 0 1 -3 -3 3 3 -1 3 2 1 -3 0 -2 3 -1 0 -1 3 3 -2 2 -1 3 -2 3 -2 0 2 -2 3 1 -2 -2 1 -3 -2 -3 -2 1 -2 0 -3 2 -2 -2 -2 2 1 -1 -1 1 1 -2 -2 0 -3 -1 -2 -3 -3 -1 3 -2 -3 2 -1 -2 -3 -3 3 -1 3 0 3 -1 -2 2 1 -3 -1 0 -2 3 1 -3 3 0 -3 -1 3 -3 0 2 2 -2 0 -1 2 3 0 0 -3 0 0 -1
0 2 -3 -1 -3 -3 -1 -1 0 3 0 -2 0 -3 -2 0 -2 -2 0 3 2 1 -3 0 1 -3 1 -2 0 1 -1 0 -2 2 3 3 1 3 -1 -3 -1 2 -2 -2 -1 0 1 0 -2 -3 3 -3 0 2 -1 -1 2 -3 2 -1 3 -3 2 1 3 -2 3 -2 -3 2 1 2 -2 3 -2 0 -3 -1 -1 -2 1 3 -2 2 1 0 0 3 2 -3 1 -3 -1 -1 -3 2 -1 -3 2 2 -3 -1 3 2 -3 1 -1 3 2 0 -2 -3 -1 -2 3 -1 0 1 2 -3 1 -3 2 -1 3 0 1 -3 0 0 1 3 -3 -2 1 -2 -3 1 3 3 3 2 2 -1 1 0 3 -1 3 3 -3 -2 -2 3 -2 -1 -1 -1 -2 1
-2 -2 3 1 -2 0 1 2 3 2 1 2 -2 3 3 -2 0 2 3 0 3 -1 1 -3 -1 -2 -1 2 -2 -2 -3 -2 -2 1 1 2 0 -2 2 -1 -1 2 2 0 -3 -1 0 0 3 3 -1 3 3 -1 -2 3 -3 -2 3 -2 1 2 -2 2 0 -2 2 1 0 3 1 -2 1 2 1 1 3 1 3 2 3 3 3 -2 1 1 1 3 -1 -1 -1 2 -2 1 -1 2 -3 -3 -1 2 3 1 2 3 2 0 0 1 0 -3 -1 0 3 -3 -1 1 3 0 1 3 -1 -1 1 -3 1 3 1 -1 -1 2 2 -2 1 2 -2 -2 2 -1 -1 0 -2 3 1 -1 -1 2 0 3 2 -3 1 -2 -2 0 -2 1 0 -3 0 0
-1 -2 -1 2 1 1 0 3 3 0 1 3 0 3 2 0 -3 1 1 -2 -3 0 0 1 -1 3 -1 2 -2 -2 2 2 0 -2 3 0 -3 2 3 -2 2 1 -3 -2 -1 2 0 1 -2 -2 -3 -1 3 -2 -2 3 -3 -1 -2 -2 1 -1 2 0 1 -1 -1 -2 0 3 2 0 -1 -3 -1 -1 -1 1 -2 2 2 -3 0 -2 -1 2 2 -2 -2 0 -1 -1 -2 2 -1 -2 0 -3 0 -1 -1 2 2 -3 3 -1 0 2 3 -2 -1 2 1 0 -3 2 2 1 0 -1 -1 -1 -3 -1 3 -2 -3 1 1 1 2 2 2 1 0 -2 -2 3 3 1 1 -1 3 -2 2 -3 -1 -2 1 1 -1 1 2 3 -2 3 -1 1 -3 -1
3 -1 3 2 3 -1 -2 -3 0 -2 -1 -1 3 3 -3 2 3 -2 0 1 -1 0 1 -3 1 -2 2 1 -3 1 0 -2 -3 0 -2 0 -2 2 -2 -2 -3 -2 3 -2 1 2 2 -1 0 1 3 -1 -1 -2 -1 1 1 2 0 -3 -2 3 1 0 0 2 0 -1 1 3 -3 -2 3 2 -1 2 -1 -1 0 1 -2 1 3 -3 0 0 -3 2 0 2 2 3 3 1 2 0 -3 0 -1 -3 -2 0 2 3 -2 -2 -3 -2 1 0 2 -2 1 -1 0 -2 0 -2 0 3 -2 0 3 3 2 0 -1 3 -3 2 3 -2 3 -1 2 -3 -2 3 1 -2 -2 2 1 3 -3 -3 0 2 -1 -3 -1 -2 -3 -1 -3 -1 -3 -1 -2 -3
-1 -3 3 1 -3 -3 -3 -1 2 -3 -1 -2 1 -2 1 -3 -2 -2 2 -1 -2 3 3 -2 0 0 -1 -3 2 -3 1 3 3 2 0 -2 3 0 3 1 2 -3 2 3 -2 1 -3 1 1 0 -3 -2 2 -1 0 -2 0 2 0 -2 -1 0 0 3 3 -3 1 -3 0 2 -2 -1 1 -1 2 -3 3 2 2 -1 -1 -2 3 1 -1 -2 2 2 -1 3 -2 3 0 3 1 -2 0 1 1 -2 0 3 -3 -1 -3 -2 -2 2 -2 -2 -3 -1 0 0 -2 1 2 -3 -2 -2 0 -3 2 -1 0 -1 2 1 0 0 -3 1 -2 -3 3 0 3 3 -2 -2 -2 -3 3 1 -1 -3 3 -1 -1 0 -3 -2 2 -3 1 0 2 3 0 -2
1 -1 -2 -1 -2 1 -1 -3 -2 -2 1 3 0 2 -3 0 -2 1 1 0 0 1 1 -2 -3 3 2 1 -3 3 -2 2 3 2 -2 3 -1 2 -3 -3 1 2 2 1 -1 -2 2 -2 -3 -3 1 3 -2 3 0 1 -1 -3 3 0 0 3 3 -3 -3 -3 -2 3 3 -1 -2 2 -2 1 -3 -2 0 -2 -2 -1 -1 1 -2 0 -1 0 2 1 2 -3 2 -2 -3 -1 1 -1 -3 0 0 1 2 2 -2 -3 2 1 -3 -1 1 -1 2 -2 -2 -3 0 -1 1 -1 -1 -1 0 0 -1 3 1 1 3 1 -3 2 1 -1 2 3 1 2 1 -1 -1 -3 1 -2 2 -2 0 -1 0 -1 0 -3 1 1 2 1 -1 3 3 0 0 -3
3 -3 1 -3 3 -2 2 1 -3 -1 1 -3 -1 -2 0 -2 2 -1 -3 0 -3 0 1 -3 3 1 2 2 -3 -1 0 2 -1 -3 -2 2 -1 3 2 2 0 -3 0 2 1 -2 -3 2 2 3 0 -2 -1 -1 -3 3 2 -2 -3 3 -1 0 1 2 -3 -3 2 2 3 0 1 2 0 -3 0 -1 0 3 -1 1 3 0 -3 0 -1 3 -3 1 -2 1 -1 -3 -3 3 -2 0 -1 -2 3 1 -1 0 -1 2 3 -1 -2 3 0 2 -2 -1 0 3 1 1 1 -1 -1 3 -2 3 -3 3 -1 1 -2 -1 0 2 3 -1 -3 2 3 1 -3 0 -3 -3 0 -3 3 -3 1 1 -2 -3 3 -1 -3 0 2 0 -2 -1 0 0 -1 -1
2 0 1 -1 0 -3 -2 -3 2 -3 2 -1 -3 -1 2 -2 2 3 -1 0 1 1 -2 2 2 -1 -2 1 1 -3 1 0 1 3 2 2 -1 0 2 2 -1 0 -2 3 2 -1 1 0 2 3 1 -3 -3 0 -1 1 3 -3 2 -3 1 0 -3 -2 -1 3 -1 -1 3 -3 3 0 3 3 3 -2 -3 -3 0 3 3 -3 2 -1 1 1 2 -2 2 0 1 -2 -3 -3 -2 -2 0 -2 -1 3 2 2 3 -2 3 2 2 2 0 -1 -2 1 1 1 1 -1 -3 -2 1 -1 0 -2 1 0 0 -2 -1 2 1 0 2 -2 3 0 -2 1 0 0 -3 -1 0 -2 -2 0 3 2 2 3 -1 -2 1 2 -3 -2 1 1 -3 -3 -2 0
1 3 0 1 -3 -2 -3 3 1 -1 -1 2 2 -1 -1 0 1 -2 2 -3 -3 0 -1 0 -1 -3 -1 0 3 -1 2 1 1 1 1 -3 1 3 0 3 1 0 2 -1 1 -2 -3 2 -1 2 0 -2 -2 -2 -2 0 -3 1 -2 3 2 -1 2 3 -3 1 -2 -3 -2 1 1 0 -1 -1 1 2 -1 -3 -3 2 -3 3 0 1 -2 -3 -2 -2 -2 -1 -2 -2 3 -1 0 -3 0 3 0 -3 0 0 -2 3 0 0 -2 1 1 -1 -1 0 -3 -1 -3 -3 0 -1 -3 -2 0 0 -1 2 0 0 -1 0 -2 1 0 0 -3 -3 2 3 -1 1 2 0 -1 -2 3 2 3 -3 -3 1 -2 1 -2 -2 -2 -1 -2 2 3 2 2 0
0 -2 -3 -3 -1 3 -2 -3 3 -1 2 3 -2 -2 2 2 1 0 2 0 -2 2 -1 -1 3 -2 2 0 -1 2 2 2 1 3 3 -3 3 -1 -1 2 -2 -2 -3 -1 3 1 0 1 0 1 3 1 3 -3 -1 3 -2 -2 3 -3 0 0 -1 -1 2 2 -1 1 3 1 -3 -2 1 -1 -1 3 1 3 -2 2 2 3 2 -2 -1 -1 -3 -3 1 0 0 -1 -1 -3 0 0 1 2 0 -3 -3 0 -1 3 0 1 -2 -1 0 0 -1 -2 0 -1 -1 3 2 -3 2 1 3 3 0 -1 0 -3 2 1 -3 3 -2 3 0 2 -2 3 -2 3 1 -1 -3 -1 3 1 1 0 -1 3 3 3 -1 -3 -3 -3 -3 1 0 0 -2 -2
-2 -3 -1 0 2 2 0 3 1 -3 -1 -3 -2 -1 -1 3 0 -1 1 0 -3 0 1 -2 -2 2 3 -2 2 -2 -1 3 -1 -2 -2 2 3 1 -2 -2 2 -2 -2 2 -1 -1 0 3 0 0 0 -3 0 3 -3 -2 0 -2 1 -3 -1 -3 1 -1 -1 1 0 -2 2 3 -3 2 1 2 3 0 -1 0 0 -3 -3 2 -3 -1 0 0 3 -3 -3 3 1 -1 3 1 0 -2 -2 0 3 1 -3 -3 -3 3 -1 -1 -1 3 3 -1 -3 -3 -3 0 -2 2 1 -3 0 1 1 2 -3 3 1 1 1 0 -1 3 2 -1 0 3 2 0 -2 1 1 0 -2 3 3 -1 2 1 -2 -3 3 0 2 -3 3 0 2 0 3 -2 3 -3
-3 -3 1 1 -2 1 0 0 1 -2 0 0 -3 -2 2 -2 0 2 1 -2 2 -3 2 -3 1 0 3 2 2 -1 2 -1 1 1 1 -3 1 3 -1 3 0 2 0 0 1 -2 0 2 -3 2 -3 0 3 -2 -2 -1 0 -3 -1 3 0 -1 1 0 1 1 -1 3 0 -1 -2 -3 2 3 0 2 -3 -2 -1 1 2 -1 0 -3 -3 1 0 0 0 -2 -2 -3 -3 3 3 0 2 -2 -2 -1 0 -1 -1 -1 1 1 -3 0 -3 0 3 -3 -3 1 3 1 0 -2 -2 0 -1 -2 2 2 -1 -1 2 -3 -2 2 -3 -1 -1 -2 3 -3 -1 -1 3 -2 -3 -2 -3 -1 0 1 1 -2 2 -1 2 -3 -2 1 0 0 -1 -1 -2 -2
-2 1 2 -2 -3 -2 -3 -1 3 -3 -3 3 -1 2 1 -2 -3 -1 -1 -2 1 1 2 -3 2 0 -3 3 1 -2 1 2 1 0 3 -1 3 2 1 3 0 -1 -1 1 0 1 3 0 2 -3 2 2 1 -2 -3 -2 0 0 0 3 -1 -2 -2 2 -2 -1 0 -1 0 -2 3 2 -2 1 0 2 2 2 3 -1 2 0 1 -1 2 -2 0 -1 -3 2 3 0 1 0 -2 -2 0 -1 0 1 0 1 -1 3 2 2 -3 1 1 2 -2 3 1 -3 1 0 -2 2 2 -2 2 3 3 -3 -3 -2 -1 -2 -2 3 1 3 0 -2 -1 2 1 -1 2 0 0 -1 -1 3 -1 -1 3 -2 -2 3 1 -3 2 3 0 0 -2 1 -1 -1
0 2 1 3 0 3 0 -3 1 0 3 -1 -3 2 1 2 3 -2 3 0 2 0 3 -3 1 0 2 2 -3 3 2 0 1 -3 -2 2 -2 -1 -3 3 -3 0 -3 0 -3 3 -2 0 3 0 -2 1 3 0 -3 2 -3 1 -2 3 -3 -1 0 3 0 1 -1 -3 -2 -2 -2 -2 -2 2 -2 -3 1 1 3 3 0 -2 -1 1 3 -1 -1 3 -3 -1 -2 3 2 -1 -3 -1 -1 3 2 -3 -2 0 0 0 1 3 3 2 -1 -1 1 -1 -2 3 -2 1 -2 2 -1 3 1 -2 -2 1 2 0 2 -3 -1 3 -2 1 1 2 -2 0 1 0 3 2 2 -3 0 -1 3 0 -2 3 -1 -1 -3 0 -2 3 0 0 -2 1 -1 1
1 2 0 1 -3 2 0 0 1 -1 2 -3 1 2 3 0 3 -3 0 -1 3 -2 1 2 -1 -1 1 -1 2 3 1 0 0 3 -1 2 1 -1 -1 -2 1 -3 -2 0 3 -1 3 2 -2 -1 0 1 1 3 2 3 3 1 -3 3 -3 3 -1 -2 -1 -1 0 3 -3 -2 0 0 0 0 1 1 3 3 -1 -2 3 2 0 -1 0 -2 0 2 0 -3 1 0 1 -2 -3 1 -3 -3 1 0 -3 -1 0 -1 -3 0 2 1 0 3 1 -3 1 -2 2 -3 1 0 1 0 3 -2 1 0 2 3 1 1 0 -2 1 -2 -2 2 1 -1 3 0 -1 0 3 1 1 -1 2 2 -3 -2 1 0 3 -1 2 0 2 -2 -3 3 -1 2
-2 -1 2 -1 1 -3 2 2 3 3 -3 -2 1 1 2 1 -2 -1 2 -2 -3 2 2 2 3 0 2 -1 -1 -2 3 2 2 -3 0 1 2 2 -3 -3 2 1 -2 1 3 2 3 1 2 1 0 -1 2 3 0 -3 -3 1 2 0 1 -1 1 1 -2 2 0 0 -3 -3 3 -1 1 1 -2 0 -3 2 -3 1 1 1 3 0 -3 -1 -3 0 2 -2 3 3 1 -2 3 -2 2 2 3 -2 0 2 1 -2 0 3 2 -1 1 -3 -1 -2 -2 -2 -1 1 -3 1 0 -1 3 3 -2 -2 3 -3 3 1 3 -2 0 -1 -2 2 -2 0 -2 3 2 -3 -3 3 0 -2 1 2 2 3 0 2 1 -1 -3 -1 1 1 3 -3 -3 2
-1 0 1 0 -3 -2 -2 3 2 0 2 3 1 2 1 -1 1 -2 -2 -3 -1 0 -1 2 0 -2 3 -2 -1 -3 3 -3 -3 -1 -1 -1 2 -3 -1 1 2 2 2 -2 -3 -3 -3 2 -3 3 0 -2 -3 2 2 2 3 1 2 -2 0 0 3 -1 -2 0 2 3 0 -3 -2 -1 2 -1 0 0 2 1 2 2 0 -3 -2 1 -1 -1 3 2 -1 2 -1 -1 2 -2 3 -3 -1 -2 -3 3 1 0 -2 -2 -1 0 -1 2 -3 -1 1 -1 -3 -2 2 2 -1 -2 1 2 0 3 -1 2 -3 2 1 1 3 -1 -1 2 -1 2 2 3 0 -1 -3 -1 -1 2 -1 3 -1 -2 1 2 -2 -2 2 0 -1 -2 0 1 0 -1 0 -1
-2 3 2 -2 0 0 0 -1 -2 -1 2 3 0 1 3 1 0 3 3 1 2 -3 -2 -1 1 1 1 2 -2 1 -3 -1 -1 0 3 -3 -3 -3 -3 2 0 1 0 2 0 -3 0 3 0 -2 -1 2 0 2 1 1 0 -3 -2 -1 2 2 3 -1 -3 0 -3 1 2 -3 0 2 -3 0 -2 -2 -1 -2 -3 -2 -3 -2 0 0 -3 -2 -2 -1 0 2 1 -1 -2 -1 -2 0 2 2 -2 -3 -3 -3 1 -1 3 -2 0 -1 2 0 2 -1 -2 -3 1 1 0 0 0 0 -3 2 -2 -1 0 -2 0 -1 3 3 0 3 -2 -2 -3 -1 -2 -3 -3 -3 1 2 3 -2 2 3 2 2 -2 -2 1 -1 0 2 3 1 -1 0 2 2
1 3 0 1 -3 2 -2 2 -2 2 -1 2 0 -2 3 1 2 0 3 -3 -2 -2 1 3 0 2 0 2 2 -3 -2 -2 -3 3 0 3 -1 3 1 0 -3 -3 -3 0 -3 -1 1 2 -3 1 0 -2 2 -2 1 -1 -1 -2 1 -3 -1 -1 3 2 0 -3 -2 -2 -3 -2 1 3 -1 2 -3 3 1 0 -2 -3 2 3 2 -3 1 -3 -2 1 3 1 0 3 3 3 1 -1 0 -1 2 1 -2 -2 2 0 1 -2 0 3 1 1 -1 -2 -2 3 2 3 3 -3 -1 -3 2 -2 0 2 0 -3 -3 1 3 2 -3 1 0 0 -1 -1 0 -2 0 -1 1 -2 3 3 -2 -1 -1 2 2 0 1 -2 0 -1 -3 3 0 2 2 -3
0 2 -2 -3 -1 -1 3 -2 3 -3 -1 0 -2 -2 0 1 3 3 -2 -1 2 3 -3 -1 -3 0 3 -1 0 0 3 1 3 2 2 -1 -2 -3 2 0 2 -3 3 -3 0 -2 3 -3 -1 -3 3 -3 0 1 3 0 -2 -3 1 3 -3 2 -3 -2 -3 1 1 -3 -2 1 -3 2 3 2 2 2 0 0 1 3 2 -3 2 -1 2 -1 -3 -3 -3 1 -2 0 1 -3 -1 -2 -2 -3 -1 3 -3 -1 -1 2 -2 -1 -2 2 3 -3 -3 -3 1 0 -1 -2 1 -3 -3 0 2 -3 -3 3 0 3 -3 0 2 2 -2 3 3 2 3 2 1 -3 1 0 0 3 3 -2 -2 3 -2 0 -2 -1 2 0 0 -2 0 -3 -2 -1 -1 -2
2 3 1 -2 1 -2 -2 -1 2 0 2 -1 0 1 -3 -3 -2 -2 2 3 2 -1 3 3 0 -1 -2 0 -3 -2 2 -2 -2 1 -1 1 -1 3 3 -1 -2 3 1 1 -3 -3 -3 2 -3 -2 3 -1 2 -3 2 -3 -1 3 -2 1 3 1 1 -2 -1 -3 -1 -3 2 -2 -2 2 3 2 3 0 1 0 -3 3 -1 -1 3 -2 3 -2 0 3 -2 3 -2 2 2 -1 -3 -1 0 -1 -3 -3 -1 2 -2 3 -3 3 -2 0 -2 -3 3 2 3 -1 -2 3 1 -3 1 -3 -2 -2 1 -3 3 -2 -1 0 -1 0 3 1 -2 -1 3 0 3 -3 -3 -1 0 -3 0 -2 -1 1 -2 0 -1 -1 -2 2 -3 3 1 3 0 1 0 1
0 -2 -1 3 3 2 2 2 -3 -3 -2 2 1 -3 -1 -1 2 0 -2 2 -3 3 1 0 0 -3 -1 2 -3 -2 -3 -3 -2 1 1 2 2 -1 -3 -2 -1 0 2 2 1 0 -1 -1 -3 1 1 -2 1 1 0 1 -3 -2 -1 -1 1 1 0 2 -2 -3 2 2 1 -3 0 -1 2 2 -3 -2 0 0 0 1 -1 -1 -3 1 -2 2 3 -2 0 -1 -2 1 -1 0 1 3 -3 2 -2 -3 2 -2 1 3 -2 -1 -2 -3 2 0 -3 -2 0 -1 3 3 -1 -3 3 2 1 3 -2 -3 0 -2 -3 0 -2 -3 1 1 3 -1 1 1 0 -2 -3 -1 -1 0 3 0 2 1 -1 0 0 -1 -1 -3 -1 2 0 -1 1 -2 -3 -1
-1 3 2 2 -3 -1 -3 -2 3 -3 3 -1 1 -2 -1 -3 -3 0 1 1 1 1 3 -3 0 -3 3 -1 -3 -2 2 1 1 1 1 -3 3 -1 -1 -3 3 -3 -3 -3 -1 0 2 0 0 1 3 2 -2 2 -2 2 -1 3 -3 3 0 -3 -1 -2 3 3 -1 2 -3 -1 -3 -3 0 0 -1 1 1 1 2 -1 -1 -3 -3 -1 -3 0 -2 -3 2 2 -1 0 3 1 1 -2 3 -1 1 1 1 -3 1 0 -2 -2 -3 -3 -1 -1 1 -3 -2 2 -1 3 3 0 0 3 -2 -2 2 3 3 -3 3 1 -1 0 0 -3 0 3 1 -3 0 3 2 3 -3 1 -3 1 2 2 2 0 0 0 0 -2 -2 1 -3 -2 2 -2 2 -2
-1 0 -3 1 -3 -3 3 2 -1 3 -1 3 2 0 -3 -2 -2 -1 -2 -1 1 1 1 0 1 2 -2 -3 2 2 -1 0 -1 3 1 1 3 -3 0 -2 2 2 1 -1 -3 0 -3 -1 -1 2 -2 -3 -3 2 -3 2 -3 1 -1 -1 3 3 0 -3 -3 3 2 0 2 -3 -1 -1 2 -2 2 -2 -2 2 -2 -1 -1 1 -2 -3 -1 1 -2 0 -1 2 -3 -2 1 -3 -3 -1 0 0 -2 3 3 -2 1 3 2 1 2 1 1 -1 1 1 0 0 2 -1 -2 2 1 1 -3 3 0 3 0 -3 0 1 1 -1 3 0 -1 0 2 2 -3 2 -2 -3 -3 -3 3 -2 1 1 -2 2 -1 0 -1 3 -1 0 3 -2 -2 3 2 1
-2 3 -1 -2 -3 3 -3 -2 0 3 1 2 -3 -3 -2 -2 1 0 -3 -1 2 -3 -3 3 2 -3 1 1 0 -2 -2 -3 -1 -3 -3 2 1 2 2 0 -3 -1 -3 0 1 3 -1 1 1 2 0 -2 1 -2 0 -3 -2 -1 3 -2 -3 0 -3 -3 0 3 -2 1 2 0 3 -3 3 0 -1 1 0 -3 -1 0 1 -1 -1 -3 3 3 -1 0 1 1 2 0 -1 2 0 -3 3 0 -3 1 3 -1 0 1 3 2 -2 0 3 -1 0 -2 -1 2 -3 -2 -2 2 -2 -3 1 1 -2 1 3 0 1 -3 0 1 -1 1 1 -1 -2 3 3 3 -2 2 2 -3 0 3 -2 0 2 -3 3 3 -3 0 -3 0 1 -3 1 -1 -1 1
-2 -1 -3 2 1 2 1 -2 2 2 3 1 -1 1 -1 -1 1 0 0 0 2 3 0 -1 1 -3 -1 3 2 2 -2 1 -1 0 2 0 3 -2 -1 0 1 2 2 -1 -2 -1 -1 2 0 -2 -1 -3 1 -3 -1 -1 -1 -1 -1 -2 -2 -3 2 -3 -2 -1 -1 3 2 -1 -2 -2 0 3 -3 -3 0 -1 0 1 2 -3 3 -1 -3 2 0 1 -1 3 -1 2 2 -3 -1 2 -2 0 2 2 0 -2 -3 -3 3 -1 2 -1 -1 1 -3 2 1 3 -1 0 -3 -1 1 -3 2 -3 2 2 2 -1 -3 3 2 0 -3 -1 2 1 -2 1 3 2 0 -2 -1 -2 -1 -1 1 1 1 3 0 3 -3 -1 -3 1 -1 0 2 2 0 1
1 1 -2 -2 -3 1 2 0 1 -3 0 1 -3 1 -1 -1 1 -3 -1 0 0 1 -2 0 -2 0 1 -3 -3 3 2 -1 1 2 -3 -2 1 3 -1 3 -1 0 -2 2 -1 -1 3 3 0 2 1 2 -1 -2 2 2 0 -1 -3 -1 -3 -1 0 -2 1 -2 -1 -2 1 0 0 3 1 0 1 -1 3 1 0 -2 1 -2 -3 -2 -3 1 -2 -2 3 -3 1 1 2 -2 1 0 3 1 1 -2 -3 -1 -2 2 2 3 3 0 2 2 -2 0 2 -2 2 0 1 -2 -1 2 -3 1 0 3 -1 2 3 1 3 -1 -1 1 -1 3 0 -1 3 -3 3 1 1 1 -3 -1 0 -2 0 -2 0 -1 0 -3 3 0 0 2 2 2 -1 1
0 0 -3 -3 -3 3 -1 -3 3 2 0 1 -3 3 -3 0 3 -1 -1 1 2 2 -2 3 0 3 -2 -1 -1 -3 0 -2 -3 2 1 0 1 0 -2 0 1 -2 -1 3 0 -2 3 -1 -2 -2 2 2 -3 -2 -3 3 2 0 -3 0 0 -2 3 3 -3 -1 3 -3 0 2 -2 1 -1 -2 2 0 -3 -3 2 -1 0 -1 -1 3 0 -3 -2 -2 -3 2 -2 1 3 0 1 -1 1 -3 3 -1 -3 2 3 0 0 -3 -2 -1 -2 -2 -1 2 0 -2 0 -2 3 -3 1 0 -1 -3 -1 0 0 3 -2 3 -1 -2 3 3 -1 -2 3 2 1 -1 1 2 -1 3 -3 -1 1 3 -1 3 3 3 1 1 2 -2 -1 -2 -2 0 2 -3
3 1 3 0 3 3 -3 1 -3 2 -2 -1 -3 -2 0 -3 -3 1 -1 0 3 0 1 0 -2 1 -1 -2 3 -2 -1 -3 -1 1 -3 1 1 2 0 -1 3 3 -3 0 -3 -1 0 -3 3 -2 1 -3 0 -2 0 -1 2 1 2 -2 2 -3 -2 2 3 -1 2 0 -3 2 2 1 2 0 1 2 3 -1 0 -3 0 -1 1 -1 -2 3 1 0 -3 -1 0 0 2 -2 0 3 -2 0 0 2 1 1 -2 0 0 0 1 0 1 -1 1 -2 3 0 1 0 3 -3 2 -1 0 1 3 -1 0 1 3 2 2 3 2 -2 3 -3 2 -2 -1 -2 -1 -3 3 -3 2 -1 -1 -1 -3 -3 -3 -3 -3 0 2 -1 -3 1 -2 0 -2 -1
0 3 -1 -1 3 -2 -3 1 2 -3 1 -3 1 -1 -3 3 1 -1 0 -1 -1 2 2 -1 -3 3 -1 3 -3 -1 2 2 -3 1 -1 2 -1 2 2 3 3 -1 3 0 -2 -2 -3 0 -2 3 -3 3 1 -2 -1 -1 -2 -1 -3 1 -2 -3 0 3 -2 -2 0 1 2 -1 -1 -2 -3 2 2 0 1 2 -2 2 -2 0 -3 0 0 2 1 3 2 1 -1 3 -2 1 -1 -3 3 0 1 2 3 2 2 0 3 1 -3 2 0 1 -1 -2 -1 -2 1 0 -3 -3 -1 0 2 -1 1 2 -3 1 -2 -3 -2 1 -2 2 1 1 -3 0 -1 -3 -1 1 -3 0 -3 0 0 1 -1 3 -3 -1 2 3 1 -2 -2 3 -3 1 1 2
0 3 -3 3 -2 2 1 -1 -1 3 -2 3 -3 1 -1 2 2 -1 -3 2 0 1 3 0 -3 -1 2 3 2 0 1 -3 -1 1 -1 0 3 -3 1 0 -3 3 -2 -2 -1 2 2 3 2 1 2 -1 3 -1 -3 3 1 0 0 -3 -3 -2 1 -3 2 -1 -2 2 -1 -1 -1 2 -3 0 -2 -1 0 -1 0 -3 3 3 -3 3 1 -3 -3 1 0 0 2 -2 2 -3 -1 -1 -2 -1 -3 -1 -1 -2 0 1 -3 3 -1 2 2 -1 -2 3 1 -2 -1 1 3 -3 -2 -2 -3 1 1 -3 -1 3 0 0 -2 3 -1 2 -3 -1 0 1 1 3 2 2 2 1 -1 -2 1 2 3 0 3 -2 -2 1 3 -2 -2 1 -2 3 -2 -1
1 -2 3 2 2 3 0 2 -1 2 3 3 -3 -1 2 3 -3 -2 1 -2 -2 2 0 2 1 2 -3 3 -3 1 -1 0 0 0 -3 0 -2 3 2 0 2 -1 3 0 2 3 -2 1 1 3 1 -2 2 2 -1 -1 2 2 3 -3 -3 0 -2 1 -1 -2 -2 1 3 -3 2 -2 -2 -3 -3 3 -1 -1 -1 3 -3 3 -2 -3 0 2 3 -3 2 -3 -2 -2 1 -1 3 -3 -2 3 -1 3 1 1 3 1 2 1 0 1 2 1 1 -1 -1 3 -3 -3 3 2 1 3 2 -2 -2 1 -1 3 3 -1 2 2 0 -2 -2 2 3 -3 -3 0 0 0 2 1 2 -3 -1 -2 -1 -1 2 0 0 2 -3 -3 1 0 2 1 3 -3
1 2 2 2 1 0 3 1 0 1 -2 2 1 0 1 -1 3 3 -2 -1 -2 -2 -1 0 1 2 3 -1 2 0 0 -3 -3 2 2 2 3 -2 -1 0 2 3 2 3 1 -1 3 3 -1 -3 -2 2 1 -3 2 1 0 -2 -2 -3 -1 2 -1 -2 -3 3 3 0 1 -3 0 2 1 -3 -2 3 -3 -2 2 3 2 -1 -1 0 -1 -2 2 -3 -2 1 3 -1 -2 0 2 2 3 -1 0 0 -2 2 1 1 0 -2 -1 3 -1 2 -1 1 2 0 -2 -3 0 0 -3 3 1 -3 1 -2 -2 3 1 -1 -2 1 2 0 3 3 -3 1 -3 -2 -2 0 -1 -1 3 1 1 0 -1 3 3 -2 2 -1 -1 -3 1 -2 -2 -2 -1 -3
0 1 0 3 0 0 -2 1 -2 1 0 3 1 -3 -2 -3 -1 2 3 3 -1 -1 1 1 2 -2 2 0 -1 3 2 3 0 2 0 -3 0 2 1 -1 3 -1 -2 3 3 -2 2 -1 1 -1 -1 0 0 0 2 -2 3 -3 -1 3 -3 3 -1 3 1 3 1 -2 -1 3 3 -2 0 -1 1 1 -3 0 1 3 1 2 0 3 -2 0 1 -3 3 3 3 -2 -1 -2 -3 1 1 0 2 2 -1 0 -3 -3 -2 0 2 0 3 1 1 -2 2 3 -2 3 2 -3 0 -1 -3 -3 -3 -1 3 3 1 -1 0 1 3 0 2 0 1 -1 2 3 2 -1 1 -1 1 1 -3 0 0 0 1 -2 -3 3 -1 3 1 3 0 1 1 -2
-2 -3 2 3 -2 -2 -3 -1 -2 -3 3 -2 -1 -1 -3 3 3 3 -2 3 -2 -1 -2 -2 0 1 2 -1 1 -2 1 0 1 3 2 2 1 1 -1 -1 -1 1 -3 -1 -1 1 2 1 -1 -1 1 -1 2 3 1 0 -1 3 -1 3 -2 3 1 -1 3 -3 -1 -2 2 0 1 -1 3 3 1 -2 0 1 -2 -2 0 3 0 0 2 -2 0 -2 -2 2 1 2 -2 2 3 -3 3 0 -2 0 3 -3 3 3 3 0 -1 0 2 0 -2 -3 -1 3 -1 1 -1 -2 3 -2 3 0 -3 1 -3 -3 -1 -2 -1 3 -3 3 0 0 -2 3 1 2 -2 -1 1 1 0 2 3 1 1 -3 2 -2 0 -1 -1 -3 0 -3 0 2 0 2
-3 0 0 0 2 2 -2 -2 -1 -2 -3 0 3 0 -3 2 3 -2 -2 0 0 0 2 2 0 1 1 2 3 -1 3 3 0 -3 2 -1 3 3 -1 0 -3 1 -3 -3 1 0 1 -3 -1 0 0 -3 -1 1 1 3 2 -1 2 1 3 -1 0 -2 0 -3 1 -3 3 -2 0 -1 1 -2 3 0 2 1 0 2 0 2 1 2 1 0 -3 -2 -3 1 -2 -3 -3 2 0 -3 3 -3 -3 0 0 2 1 1 2 -2 1 0 1 -3 -3 1 3 -3 0 -1 -2 1 3 1 -1 3 2 0 2 -1 3 -3 -2 -2 -1 -2 -3 -1 0 2 2 1 0 0 2 -2 3 3 3 -3 1 2 1 -2 2 2 2 -3 0 2 0 2 -2 -2
-1 -2 3 -3 -2 3 3 -1 -3 -2 0 1 3 1 -1 2 -1 -1 -1 3 -2 2 1 1 0 0 1 3 0 1 2 2 2 0 2 0 2 -3 0 0 -2 2 3 0 3 1 2 -3 -3 2 0 3 -3 -1 -3 3 1 1 3 -2 1 -2 -2 2 -2 1 3 1 -3 3 2 0 -2 1 -1 0 -2 1 3 -3 1 0 3 2 -3 3 -2 2 -1 0 1 -3 1 0 -2 2 1 -3 -2 3 -1 -1 1 -3 0 3 -1 3 0 2 3 -3 3 -1 1 0 2 -3 -3 3 -2 -1 3 1 0 0 -2 2 3 2 -3 3 2 -1 2 0 -3 2 2 1 -1 3 1 0 3 2 3 1 2 1 -2 2 1 -2 2 -2 -2 2 -2 0
-2 -2 -3 2 -1 -1 -3 3 1 1 -3 0 1 -1 0 3 1 0 0 2 -1 -1 2 3 2 2 3 -1 0 2 0 3 -2 -3 -2 3 -3 -2 1 -1 -1 -3 3 2 -1 1 -1 3 -1 -1 2 -3 2 2 1 -3 1 1 -1 -1 1 1 -2 -3 3 -1 2 2 3 2 0 -1 2 3 0 -2 -3 -2 2 -2 -1 -1 -1 2 0 2 0 0 -1 0 2 -2 0 1 2 -1 -3 -1 3 -3 2 3 -1 -1 3 -1 -3 2 -2 2 -1 -2 -3 2 -3 -1 1 -1 1 2 2 3 2 1 1 2 -3 3 2 -1 -3 0 -1 1 3 -1 -2 2 -3 3 -2 2 2 2 -3 1 2 3 0 -3 -1 -1 -1 1 -2 0 -3 3 2 -1
-1 -3 -3 2 -3 0 -2 0 1 -2 -1 0 -2 -1 -2 -3 -1 3 1 2 -3 -2 -2 1 3 1 1 3 3 1 -3 -1 3 -3 -3 0 3 0 -1 -2 -1 -3 -2 -3 2 -2 -1 -1 -1 3 1 1 -1 1 1 3 1 3 2 -3 2 2 -3 2 0 1 2 1 3 1 -1 -2 -3 1 2 3 -2 -3 -2 1 -2 2 -2 -3 -3 3 2 0 2 3 1 0 2 -2 -1 -1 0 -3 3 -2 1 -2 1 3 2 -3 1 -2 -3 3 -3 0 1 -2 3 3 0 1 -3 0 1 -2 -1 3 2 1 2 1 3 3 1 -3 2 2 3 -1 -2 -2 -1 1 1 -2 1 0 -1 0 3 1 -2 3 1 2 3 3 0 -2 -1 -2 0 -2
3 1 -3 -3 3 -1 0 -1 0 1 2 -3 1 1 0 1 3 -2 -1 2 3 2 0 3 3 1 2 -1 -3 -1 1 3 2 -3 3 1 -3 -3 -1 1 2 0 0 2 -1 2 1 -3 3 -1 2 2 -1 -1 0 -1 -2 -1 -3 -3 -2 -3 1 0 3 2 -2 2 0 -3 -2 -3 -1 1 2 2 0 0 -1 -3 2 3 1 3 -2 1 2 -2 -1 -1 1 2 -3 -2 2 -1 1 -3 -3 -2 -3 -3 -2 -3 -2 1 -3 -1 1 -3 -1 0 2 -2 1 -3 2 1 0 0 3 0 1 3 1 -2 3 0 0 -1 0 -3 2 3 -2 0 1 -2 2 -3 3 0 -2 3 3 -2 -2 -1 -2 2 0 1 -1 -3 0 -2 3 -1 2 3
0 1 0 1 -2 1 1 3 3 1 2 3 1 0 -2 3 -3 -3 0 0 1 0 -1 2 -3 0 -1 2 -3 1 0 -3 -3 0 3 3 1 3 1 -2 3 3 3 -1 1 -1 3 -3 0 -3 2 0 -3 2 1 0 -1 1 -1 -3 2 2 3 2 3 0 -3 3 -1 2 -1 -2 0 -1 -1 3 -1 3 0 -3 -3 1 -1 -2 0 1 1 0 -2 2 -2 0 2 -2 -1 1 -3 -3 -3 3 2 1 0 -2 -3 3 -2 0 -1 -3 3 0 -1 1 2 0 -3 0 -2 2 2 -3 -3 1 0 3 -2 -2 -2 -1 0 -1 -1 -1 2 3 -2 -2 -2 -3 -3 0 -2 3 -1 0 2 -3 3 -2 -2 2 -2 0 0 -1 2 -1 2 -3
2 2 -2 2 -3 -3 2 3 -2 -2 3 3 1 -1 3 -2 2 2 3 -3 2 3 3 -2 1 -1 1 2 0 3 1 -1 2 1 0 0 0 3 3 2 0 -3 0 2 -1 2 -2 2 1 -1 -3 2 -1 -2 -1 -2 3 1 3 0 0 -2 3 1 -2 -1 -3 -2 -2 1 3 2 1 -3 2 0 -2 1 2 -2 1 -1 -1 -1 0 3 3 2 -2 3 1 2 -2 -1 2 3 -1 1 1 3 1 1 3 -1 2 -1 -1 0 0 -2 2 2 2 2 2 -3 -2 -2 3 -1 0 3 2 -3 2 3 1 0 -1 -2 -1 -2 2 -3 -3 1 -2 2 -3 -2 2 2 -3 -3 -3 -1 -2 -2 1 -2 0 -3 -3 1 1 3 2 0 2 -1
-1 3 2 -1 3 -3 -2 -3 3 1 -1 2 0 -1 -2 -3 2 1 0 1 1 -2 -3 1 3 2 0 2 1 0 2 -3 -3 3 0 -2 -2 -1 2 0 2 0 3 0 -3 -2 3 -3 3 -3 1 3 -2 1 -1 -1 -1 2 -1 1 1 -1 1 -3 2 -2 -1 0 -1 1 -1 -3 -2 -1 -3 1 0 1 3 2 -2 -3 3 -1 1 1 -2 -2 3 1 1 3 -3 -1 1 0 3 1 -2 -3 -3 -1 1 2 0 0 1 0 2 -2 0 -2 -1 1 1 2 3 2 -2 -2 -2 -2 -3 0 -1 0 -2 -2 2 1 2 2 -1 -1 -1 2 3 -2 -2 1 1 2 -2 -2 -3 -1 -1 -3 -1 3 -1 -3 1 3 -1 -1 -2 -3 2 1
0 -2 -3 1 -1 -3 -2 -2 0 -3 -3 -1 -2 2 -2 1 -2 1 3 3 2 -3 -3 0 3 3 3 3 2 3 -1 3 1 1 3 -1 3 2 -1 0 -3 0 2 -2 1 -3 -1 -2 2 3 2 2 -3 -2 0 2 0 1 -2 2 2 -2 -3 2 1 -2 -1 1 -3 -1 -3 1 1 1 -2 1 1 -3 2 0 0 3 1 1 0 -1 1 -3 2 -2 -2 2 -2 1 0 -1 -1 3 0 -3 3 -2 1 -3 -1 3 2 2 -3 1 -1 1 -2 0 -1 0 -3 3 2 -2 -3 2 1 3 2 2 -2 -1 2 2 3 -1 -2 2 1 3 0 3 0 3 3 -2 -2 1 -3 2 -3 1 -1 3 2 0 -1 0 0 1 2 2 0 0
0 1 1 -2 2 0 3 -2 0 1 2 -3 0 0 -1 -3 -1 1 -2 0 -2 -1 1 -2 1 -3 2 -3 1 3 -2 0 -2 -2 -2 0 -1 0 -2 3 -1 3 2 -2 -2 0 3 -3 0 0 -3 1 0 -2 3 1 3 0 2 3 -2 1 2 -2 -1 -1 2 0 0 -1 1 2 1 -1 0 -2 -3 1 -1 2 -3 1 1 -3 1 -3 1 2 -1 3 -2 -1 1 1 3 0 2 0 3 -1 -3 -2 -3 0 -1 0 -1 -1 -3 2 -1 -2 2 3 2 2 0 3 -3 -1 -3 -3 -2 3 -1 0 3 2 1 2 -1 2 -3 3 -3 2 -1 3 0 -3 2 -3 3 -1 0 -1 -2 2 0 2 3 -1 2 3 -1 -2 0 -3 1 1
-1 -1 0 -2 -2 -2 3 1 -3 -3 0 1 -1 1 3 2 0 0 1 1 1 0 0 1 -3 -1 -1 0 0 0 -1 3 0 0 -1 -1 1 -3 1 3 3 2 1 -2 2 -1 -2 -1 -3 0 1 0 0 2 -2 3 2 -1 2 -1 -3 -3 3 0 -1 3 2 1 2 -3 -1 1 -3 0 -2 1 1 1 -2 2 0 0 3 -2 3 -1 2 0 -3 -2 -3 3 3 -2 2 1 -1 -2 -3 1 -2 0 2 -1 0 1 0 0 3 1 1 1 2 -1 -2 2 2 -1 1 1 2 2 -3 -2 0 3 3 1 -2 1 3 -3 1 -2 3 3 -1 0 -1 -3 -1 -3 -2 -2 -1 3 0 -3 2 -2 -3 1 -2 -1 3 3 0 3 1 1
1 1 3 3 -1 -3 2 3 3 2 -2 -2 2 1 0 3 2 -3 3 -3 -3 -3 0 3 -2 0 -2 -2 2 0 -3 3 0 0 -3 1 -2 2 3 2 -2 -1 2 0 0 3 -3 3 0 -3 0 -1 -3 -3 0 -1 0 1 3 2 0 1 2 3 1 2 -1 -2 2 1 2 3 -1 3 -2 1 3 0 1 2 1 -2 0 2 -1 0 -2 3 2 -2 -2 2 -2 -3 0 2 0 3 1 -1 -1 0 1 1 -2 -2 -1 0 -2 3 2 -3 2 -3 3 -3 -3 -3 0 -1 3 3 -2 -3 0 2 2 0 -3 3 0 0 1 3 2 1 -2 3 -3 -1 -3 -3 -3 3 2 3 2 -2 3 2 0 2 3 0 -1 -1 3 -3 0 -2
-3 0 -2 3 -2 2 2 3 1 -2 -2 -1 -1 -3 1 3 2 0 -1 2 -3 2 -2 -1 0 3 2 1 0 1 -2 0 3 0 -3 -3 3 1 -3 1 3 -3 0 -2 -3 -3 0 1 0 0 -2 -2 1 -2 3 -2 -3 1 1 -1 -2 -3 0 1 -3 2 -3 1 0 -2 -1 -3 -3 -2 0 0 -2 2 -3 -3 3 3 -3 0 -3 3 -2 -3 -3 -3 1 2 -2 2 3 -1 -1 0 -1 -1 -3 0 -3 2 -3 -3 -2 -3 1 -3 -2 -3 -1 1 2 0 -3 -1 -2 1 1 1 2 1 3 -3 -3 1 -1 -1 0 1 -1 3 -2 3 1 -1 -1 -3 2 2 2 -2 3 0 -2 1 0 2 2 -2 -3 -2 3 -2 -1 3 2 1
-3 3 3 -1 2 -3 0 1 -3 -2 0 0 1 -2 1 -2 -1 -1 -3 3 0 2 0 0 -2 1 0 2 -2 3 -2 -3 -1 -1 3 -2 3 3 -2 0 -2 -1 2 -3 3 2 -1 2 -1 0 0 0 -1 0 3 3 2 3 1 -3 2 -2 3 2 0 -2 0 2 0 0 -3 3 1 2 -3 1 3 0 3 2 0 0 0 2 0 2 3 0 1 -1 -2 -1 -1 2 -3 3 -3 1 2 3 -1 -3 1 -3 0 -2 0 0 -3 -1 1 0 3 -2 -1 -1 1 0 -2 1 0 0 -3 2 -1 -2 -1 -2 2 3 2 0 -3 1 3 -1 2 -1 -1 -2 -2 -3 3 1 -1 2 -3 2 1 3 -1 -2 -1 3 2 -1 2 2 2 1
-3 -1 -2 2 -2 -2 2 0 2 -2 2 -2 -3 1 1 -1 2 3 -1 -2 2 -3 1 3 0 -1 -3 0 3 2 3 2 -3 -1 0 -1 3 -3 -1 2 2 -3 2 -1 -1 3 0 3 3 3 3 2 -2 -3 3 -3 -2 3 -1 3 -3 0 -2 -1 -3 3 3 -1 -1 -2 -1 0 1 0 -2 2 -1 2 0 -1 -3 3 0 -1 2 -3 -2 -2 -3 -2 0 1 3 -1 3 -1 1 -3 -3 3 -2 2 0 1 -3 3 -1 -1 -3 3 -3 -1 3 2 -1 -3 2 2 -1 -1 1 2 -1 0 -3 0 3 -2 1 -1 2 0 -2 -3 3 0 1 -2 0 2 -2 -1 -3 -2 -2 0 3 -2 -3 1 2 2 -1 3 0 1 0 0 0 3
-2 -3 1 -2 -1 -1 3 1 0 1 -1 -1 -3 -1 2 -3 -2 2 0 2 -3 2 0 -2 -3 -3 -2 0 1 2 1 2 3 1 -2 1 0 -2 1 0 -2 -2 -3 0 3 -2 3 -1 1 -3 -3 0 3 -2 2 1 -3 -3 -1 3 1 0 0 1 -1 0 0 -2 2 1 -3 -1 3 -2 -1 1 -1 0 3 3 3 0 -3 1 -3 1 3 -3 -1 -2 1 -3 -1 0 0 2 2 0 -2 -2 0 2 2 -2 2 2 1 0 0 0 2 0 -3 0 -1 -1 -1 -1 3 -1 0 -2 2 -1 0 3 1 -3 -1 2 -2 3 -3 -2 -1 0 1 0 0 3 3 -1 -3 1 -1 1 -1 -3 0 2 -3 0 1 1 2 3 0 2 3 -3
-1 -1 1 -1 -1 -3 2 2 -2 3 3 -2 3 -2 2 -1 0 -2 2 -1 2 0 1 0 3 -1 0 0 -1 -2 -2 0 2 -1 -3 0 -1 -1 -1 -2 -1 3 -3 -2 1 -3 0 2 -3 1 1 -2 -1 1 3 0 3 1 0 2 0 -3 3 3 -3 0 3 0 -2 -2 1 2 3 3 1 0 2 2 -3 1 2 -1 2 1 -2 -1 2 -2 0 -2 0 -1 -2 2 -2 1 2 3 3 -2 0 -3 2 0 -2 -3 3 1 1 -1 3 -1 3 2 1 -2 2 -2 0 -1 3 -1 -1 2 -1 -3 1 -3 2 0 -1 -2 -2 0 -3 2 3 -1 0 1 2 2 1 -2 2 -2 -3 3 1 -3 -3 0 -2 -3 3 2 -1 3 -2 -3
0 -3 -1 -1 0 2 -3 3 1 1 0 0 -3 1 3 2 -3 2 -3 2 -3 1 0 -1 -1 0 0 2 3 0 -2 2 -2 0 1 0 3 3 -2 0 2 -3 0 -3 -3 -3 -2 -1 -2 -2 2 3 0 -2 -1 0 -2 0 -2 3 0 3 -2 1 0 -2 -2 1 -3 -2 2 -3 -1 1 2 -2 -2 0 -1 -3 -1 3 3 -1 -2 3 -3 -2 1 0 -2 0 -3 2 -2 2 0 3 0 -3 0 1 -1 1 -2 2 2 0 -1 -1 -1 1 1 3 -3 3 3 2 3 -2 -1 3 -2 -3 -3 3 -3 2 1 -1 -2 3 -1 2 0 1 -3 2 -2 -1 -1 -3 -2 -1 -3 -3 2 0 3 -3 3 0 -1 -3 0 2 -1 -3 2 2
-2 2 -1 -1 2 2 -3 -2 -1 0 3 2 2 2 1 3 -3 -3 3 -2 1 -2 2 -1 2 2 2 0 -3 3 1 2 1 1 3 3 2 -2 3 -2 2 -2 -3 -2 -2 3 -3 0 -2 2 1 2 -3 -3 3 0 0 1 0 2 3 -3 1 3 0 -3 1 1 -2 3 3 1 -3 -2 -3 1 -1 2 3 1 1 -2 3 1 2 -1 3 2 -3 1 0 -3 -3 3 -1 0 0 -3 0 -2 -1 -1 2 -2 -3 0 1 3 1 0 1 1 -2 3 1 3 3 -1 -1 2 0 -3 -3 2 1 0 1 -1 -2 3 -2 2 0 0 1 3 0 0 -3 0 2 1 1 0 1 1 1 3 -3 2 -3 3 -1 2 1 -2 1 1 0 0
-1 -3 -1 -3 -2 0 -1 3 -2 3 2 0 0 -3 3 3 0 2 3 1 3 2 -2 0 -2 3 -2 -2 1 -2 -3 -2 1 1 1 0 2 0 -2 0 3 -1 2 1 -3 1 1 1 0 -3 3 -3 3 1 -2 1 -3 0 0 -3 1 0 2 2 0 2 1 0 3 -3 -3 -1 -1 0 -3 3 1 3 2 1 0 -3 1 -1 -2 0 3 0 -3 -1 -3 0 2 1 3 -1 0 0 3 1 -1 3 2 0 -3 1 0 -3 3 2 0 1 1 -2 -3 -3 0 1 -2 0 3 -1 0 -1 -3 -2 3 2 -3 -1 3 -2 1 1 2 -3 3 3 -1 -3 0 1 3 1 -1 -3 -2 2 -2 3 -3 3 -2 -1 -2 3 0 0 3 3
-1 -3 2 0 -1 1 2 -3 3 1 1 1 -2 -1 1 -3 -3 3 -2 0 0 -3 3 1 1 3 3 -1 0 -2 0 2 2 1 1 2 -2 -2 -3 -3 -1 2 0 -2 0 -2 -3 3 -3 0 -3 2 -2 -2 -1 1 2 0 0 3 -3 3 -1 -3 1 0 -1 -1 2 -2 -1 1 0 2 3 0 1 -2 -3 -3 -1 0 -2 2 -1 1 -3 0 -2 1 0 -2 1 -2 -2 0 3 3 -1 1 0 -3 -1 -3 1 -2 0 -2 -2 3 0 3 -3 0 1 0 3 1 2 -2 1 3 -2 3 0 0 -1 -3 0 3 -2 -3 -1 0 -3 1 -2 2 2 2 0 -1 3 3 3 0 1 -3 -3 1 -3 0 3 1 2 -1 -2 -3 -3 1
0 -3 1 2 -3 -3 -2 -1 0 0 -3 -1 0 -2 2 -2 3 -3 -3 -2 0 1 3 2 3 0 -1 3 0 0 0 3 1 3 -2 0 3 2 3 0 -2 -3 -2 2 3 0 -2 0 -1 -2 1 2 3 1 2 2 -3 -1 1 1 0 0 2 -1 -2 1 -3 1 1 1 -2 -2 -3 2 -2 -1 -1 0 3 -3 -3 -1 3 2 2 0 1 1 2 3 -3 3 2 -3 -3 -2 0 -2 -1 -2 3 -2 -1 -2 3 1 3 1 -1 1 1 0 2 -2 2 1 3 1 -3 2 -3 -2 3 3 -1 0 3 -2 2 -2 -3 1 3 -2 2 3 -1 -1 0 -3 2 2 -2 3 3 2 -3 2 -3 -1 -2 1 -3 2 3 0 -1 1 -1 -1
-2 -1 -1 2 1 -3 -1 1 0 -2 2 -1 2 3 0 1 3 1 3 3 -2 1 -1 2 -2 0 -3 -3 -2 1 1 0 1 -2 -3 0 -2 -1 -3 -1 -2 2 -2 -1 0 2 1 0 3 -1 -2 -1 1 2 -2 -3 2 2 3 -1 3 -3 2 -3 3 2 1 2 3 -2 -3 0 2 3 0 1 2 -1 2 0 3 -3 3 -3 0 -2 0 -3 2 2 -2 1 2 -1 1 3 -2 0 -1 -2 1 -3 3 -1 1 0 0 2 2 -3 -3 2 -1 2 0 1 1 -1 1 0 2 -3 -3 2 -2 2 2 2 3 -2 1 -2 3 1 -3 -3 2 0 0 3 2 -1 0 3 -1 0 3 -3 0 2 -3 -1 -2 3 1 -1 -3 1 -1 0
3 2 3 -3 1 -2 0 3 3 -2 -3 -1 2 3 -2 1 0 -1 2 2 -2 -2 -2 0 -2 0 0 0 0 0 -3 -1 -2 0 3 1 1 -3 1 1 -2 1 -1 0 -3 1 2 -3 0 -3 0 -1 -3 -3 0 -3 3 -1 -3 1 -3 1 -3 -3 -3 -3 3 3 0 -2 0 1 3 -3 0 0 1 -2 -1 3 -2 0 0 3 2 -1 3 1 3 0 -2 1 1 2 3 2 -2 1 1 1 0 -1 0 0 1 3 0 -2 -3 -3 -1 2 1 3 -1 -1 0 -3 -2 -2 -3 0 -3 0 0 1 3 -1 -3 -3 -2 -3 3 0 1 -3 -2 0 -2 3 -3 -1 0 -3 3 3 -3 0 -3 1 1 1 -2 1 2 -1 1 2 1 -3
3 0 3 2 1 -3 0 3 -3 -3 0 -1 1 -2 1 -1 -3 3 -1 -3 3 2 -3 -2 -2 -2 -3 -1 3 -2 0 -1 1 0 1 3 3 3 1 -1 0 -2 -1 -1 -3 -1 0 -3 -1 -3 -3 -2 0 -2 -1 1 -2 1 -1 3 -3 0 0 -3 -2 0 2 2 -1 1 -3 -1 2 -2 -2 -2 3 -1 -3 1 3 -3 1 -3 3 1 -2 -1 3 3 -2 -3 2 -2 2 -1 0 2 -3 3 3 2 -1 3 1 1 0 1 -3 1 0 2 -2 -2 -2 0 3 2 -3 -3 1 -3 -1 1 1 0 -3 -1 -1 -2 0 2 -2 -3 -2 1 1 0 1 3 -2 0 0 1 0 -3 0 0 -3 0 2 0 1 3 2 -3 -1 1 -3 -1
2 2 -1 -2 -2 2 1 1 3 -1 1 1 2 1 0 2 2 -2 -2 -2 2 3 -1 -1 1 -1 0 0 2 -3 3 -2 -2 -2 -2 -1 0 2 1 1 -3 2 0 -2 1 -3 -3 3 -2 -2 -1 2 -2 1 -3 -2 2 -3 -3 -2 -2 -1 1 2 -1 -3 3 0 2 1 0 -2 1 -3 1 -1 -1 1 0 0 0 -3 0 -1 0 3 1 0 -2 3 -1 2 -3 0 0 0 -1 -3 2 0 -3 -3 -3 1 -3 -1 1 1 2 3 -3 -2 -2 -2 2 -3 -3 1 -1 2 -3 0 2 3 -3 2 1 3 2 -2 -3 1 1 -3 3 -1 0 -2 3 3 -3 1 1 -2 -3 3 3 2 -1 2 -1 2 2 2 -3 -3 -2 2 -1 -2
2 2 2 2 2 1 3 0 1 -2 -1 -1 0 3 0 -3 0 3 0 2 0 -1 -2 -2 -2 3 -3 -3 2 -3 1 -1 1 0 1 2 2 -3 -3 3 0 0 -1 0 1 2 -2 -3 0 -2 1 0 1 2 2 3 1 -3 0 3 3 -3 2 2 0 -3 -1 -2 -3 -3 0 -2 -3 2 -2 1 3 2 2 -1 0 0 1 2 3 0 1 3 -2 -1 2 2 -1 0 2 -2 -2 0 3 1 -2 -2 0 0 -1 -3 1 -1 3 0 -2 1 0 2 1 2 2 -1 3 -2 -2 3 0 -3 -1 -1 -1 -1 2 3 2 1 3 -2 0 1 1 3 1 2 0 -2 2 3 1 1 0 -2 -1 2 3 -2 0 -2 1 -1 -3 3 -3 -3
-3 -2 2 3 0 -3 1 -1 -2 -1 0 -2 0 3 -3 3 0 0 3 3 1 -3 3 3 1 -1 0 -2 -2 -3 2 -3 1 0 -1 1 0 2 3 3 -3 -3 -2 -1 -1 -1 1 1 -2 -1 1 -2 -2 0 1 1 2 -1 2 3 2 -1 3 -3 -1 -3 -3 2 -1 -2 -1 -1 1 -2 3 -2 -3 1 -1 -3 1 -2 -2 3 3 3 -3 2 3 0 -3 1 3 2 2 -2 0 0 3 0 3 3 -3 -2 2 2 1 3 3 0 -2 -2 -1 0 0 0 2 2 -2 3 3 -1 1 -2 -3 3 3 -1 -1 -2 -3 3 -1 -3 2 3 2 0 3 -1 3 -3 2 -2 3 -1 -3 -1 2 3 -1 1 3 3 2 3 3 0 0 -1
2 3 -3 -1 -1 -1 -3 -3 0 3 -1 -3 3 0 -3 -1 -3 -3 2 1 -2 1 -1 -3 -3 2 -3 1 3 -3 2 1 0 1 1 1 3 0 -1 -2 -2 -3 1 -1 2 -2 2 1 2 -3 3 -3 3 2 -3 1 2 0 1 -3 -2 -1 -2 3 1 0 -1 -1 -1 -2 1 -1 -3 -1 3 -3 2 2 -1 2 1 0 0 2 3 2 -1 2 2 0 0 2 -2 2 1 2 3 1 -3 3 -3 1 3 2 2 1 1 -2 -3 3 0 -2 -2 1 -2 3 0 -2 0 -3 -3 1 0 -1 3 2 0 -2 3 -3 -3 -3 0 -3 3 -2 -3 -1 3 3 2 2 0 3 -1 1 -2 -3 -1 -3 2 -2 3 0 0 0 -2 3 -2 1
-3 3 0 -3 1 -2 0 -1 -1 -2 -1 1 1 -2 -3 -3 3 -3 -1 -3 -3 -1 2 1 -3 0 -3 -3 -2 0 3 3 -3 -1 1 1 2 2 3 3 0 1 1 -3 3 -2 -1 -1 0 0 -2 0 0 -2 2 -3 1 -3 1 -2 -2 1 1 -2 -3 3 0 1 -1 -1 -2 -3 -1 2 -1 0 0 -2 2 0 3 1 -1 2 2 1 -3 0 2 2 0 -3 -3 -3 1 -1 3 1 -3 2 0 -2 -1 2 1 0 -3 -1 1 1 0 1 -2 -1 -1 -1 3 2 2 0 -3 2 -3 -1 3 -3 -2 3 3 -1 -2 0 -3 1 -3 2 -2 3 0 -2 2 3 -1 2 -3 -3 0 -3 2 -1 2 1 -1 -3 0 -3 2 -2 -1 -3
-1 -2 -2 3 -2 -3 -3 3 -3 1 3 2 0 -3 2 -3 2 -2 2 -1 2 2 1 1 0 2 -2 1 -3 1 1 2 0 2 0 1 2 -1 3 2 -1 -2 -1 -1 2 3 -2 0 0 -1 1 -3 3 3 -2 2 -1 -1 -1 -2 1 -1 2 0 -3 2 -3 -2 -3 -1 -2 0 -2 1 -3 0 2 -3 -1 -3 3 2 -2 2 0 3 2 -3 1 3 2 2 1 -1 2 0 3 -1 3 2 0 -1 -3 -1 0 3 3 1 1 0 3 3 2 2 -1 -3 -3 -1 -2 3 -1 -3 1 -3 3 -2 1 0 3 3 -1 -1 -1 3 0 0 -3 0 3 2 -2 -3 1 3 -1 -1 -3 0 3 0 3 2 0 1 0 2 1 -2 2 -2
2 -2 -3 -3 3 2 -1 1 3 -2 -3 2 3 -3 -2 2 -1 2 2 0 0 1 1 0 -1 -1 -3 2 -3 -3 0 -1 0 3 1 -2 -1 2 -1 -3 -3 2 2 3 3 -2 1 -2 -1 -1 -2 -3 -1 1 -3 2 -1 0 2 1 1 2 -2 2 -3 1 -1 -2 -1 -3 1 -2 -2 3 -2 1 0 1 -3 2 1 -3 -1 -1 -2 2 0 2 2 0 -3 -1 -2 1 1 -3 2 -2 0 3 -1 3 -1 2 3 0 -1 1 0 -3 -1 -1 -1 -2 -1 3 3 0 -3 -3 0 1 3 1 0 3 -1 1 -1 -2 -3 3 3 2 0 1 1 1 2 -2 3 3 2 3 -2 2 1 -2 0 1 -2 2 2 -3 3 -3 2 -1 -2 -1
0 -2 -3 3 2 -2 -1 1 -3 2 0 -2 3 2 0 -3 0 0 2 -1 -1 -2 0 -2 0 3 0 -1 -3 1 2 -2 2 -1 0 1 1 -2 1 -1 3 -3 2 -2 3 -2 2 -1 0 3 -3 1 -1 -3 1 3 -2 0 -3 -3 -1 2 2 -1 0 -1 -1 3 2 1 0 -3 3 -3 -1 1 0 3 -2 -3 2 2 -1 0 0 -2 0 3 2 2 -2 3 -1 -3 3 2 -3 2 1 -3 -1 -3 -2 -2 -2 -1 3 2 -2 1 -2 1 3 -2 -3 -1 -2 -3 -3 -2 -1 1 0 -2 -2 1 2 -3 1 1 -3 0 -1 1 -1 -1 3 -1 1 -1 1 -2 2 1 -1 2 -3 -2 1 2 -2 -1 0 -1 0 -3 -1 3 -3 -3
-3 0 -3 0 0 -3 1 -1 0 1 -2 1 -2 3 2 0 3 3 0 1 0 -1 0 -3 0 0 -3 1 1 -1 0 0 0 -2 0 1 1 1 3 1 3 -1 -1 1 1 -3 3 -2 1 -1 -3 0 -1 3 1 -3 0 3 -2 2 -2 3 -2 1 2 -1 3 -3 -2 -1 2 -3 -3 3 -2 2 0 1 0 -1 -2 -1 -1 -3 -1 -3 -3 2 -1 -2 2 -3 -3 -3 -3 0 3 -1 -2 3 -3 -2 -3 3 -3 2 -1 2 1 0 0 2 1 -3 2 2 0 -2 -2 0 1 0 1 -2 2 3 -2 -2 -1 0 1 -2 -2 -2 2 0 0 0 0 1 -2 1 1 -2 2 3 -1 -1 3 3 -3 2 2 -3 -2 -3 0 1 -2 -3
1 2 3 -3 -2 3 -3 2 -2 2 -3 0 -3 2 -1 3 -1 1 -1 1 3 1 0 -3 -3 2 0 1 0 -2 1 -2 0 0 -2 3 2 1 2 3 -3 1 3 0 1 0 1 -1 1 -3 -1 -2 0 -2 -2 -1 -2 2 3 3 0 -3 -3 0 2 -2 1 2 2 -1 2 -1 1 3 -1 2 2 -2 -2 3 -2 -3 -2 0 1 2 0 1 3 1 -1 -2 2 -1 3 -1 1 -3 -1 3 -3 -2 -2 3 1 1 1 1 1 -2 -2 0 0 3 0 -2 -3 1 2 1 -1 -1 -2 -2 -2 1 -2 -1 0 1 3 -1 1 -2 1 -3 0 -3 3 -3 3 1 0 0 0 1 2 -2 2 -1 1 -1 3 0 -1 0 -3 2 0 1
-1 -3 2 1 1 -2 -2 -2 1 -1 2 3 3 0 -1 -3 0 2 -3 -2 3 3 2 0 3 0 2 -2 3 -2 -2 -1 3 0 2 1 0 3 -3 0 3 -3 -2 -3 3 -3 0 1 0 -1 3 3 -3 0 0 -3 -2 -3 2 -3 -2 0 0 3 3 0 0 3 1 3 2 -2 1 -2 -3 2 1 1 -2 -1 -2 3 -1 3 -3 1 -2 1 -3 3 -1 3 1 2 2 -2 -1 2 0 -1 -1 -2 -3 1 3 -3 2 1 3 -1 -2 3 2 -3 3 -1 -1 2 -2 -3 3 -2 2 -2 -3 3 -1 3 -1 -3 0 -2 -2 0 2 0 1 -3 3 1 1 0 -2 3 -2 2 0 0 1 1 -1 -2 -1 -3 2 -2 -3 0 1 1
1 -2 0 1 1 -2 0 3 2 -2 -2 -3 1 -2 -2 3 -2 2 -2 1 0 -1 1 0 2 -1 -3 3 -2 2 -1 2 3 0 3 2 3 2 0 -2 0 -1 0 1 -1 1 2 -2 0 1 2 -1 2 1 -1 2 1 0 -3 -2 1 3 0 1 1 1 2 0 3 -3 2 -2 3 0 -2 0 -3 2 -2 -1 -1 3 0 -3 -3 1 -1 -3 1 3 -2 -1 3 -3 3 -3 -3 1 1 0 1 0 2 -3 -3 0 -2 0 -2 0 2 0 -1 0 1 1 -3 2 -2 3 -2 1 3 3 2 2 -2 3 -2 3 -1 -3 0 -2 0 0 3 -1 0 -2 1 -1 -1 0 -3 2 -2 -2 -3 3 2 -1 -1 3 1 0 -1 0 1 1
1 -2 0 -1 0 -3 -3 -3 -2 -1 -1 -2 0 -3 2 -2 -3 3 1 -3 1 1 0 2 0 -1 2 -2 -2 -3 -3 -3 1 -1 -3 -1 -3 0 1 0 -1 -1 0 1 -3 -1 3 0 3 0 -3 0 0 2 -1 -3 3 -1 2 -2 -2 -2 3 -1 -1 -3 0 0 -1 1 -2 2 3 2 1 -3 0 3 0 -2 -3 -3 -1 -2 -3 2 1 2 -3 -1 -1 2 -1 2 -2 -1 -2 1 3 2 2 -2 -1 0 2 2 1 0 2 -1 3 2 3 -3 2 2 0 -2 -1 3 1 -1 3 -2 2 0 0 -3 -1 -2 -2 3 3 -3 -3 -1 2 3 0 1 -2 -1 1 1 -2 2 0 -1 1 3 0 2 -1 3 3 0 2 1 -1 3
-1 3 -2 0 -3 -2 -1 -1 -1 1 1 -2 -1 2 0 2 0 -3 3 -2 2 2 1 3 1 0 2 0 -1 -3 2 -2 0 -1 1 -3 -2 -1 0 1 2 1 2 2 0 -3 -2 3 2 0 -1 -1 1 3 -2 2 0 -3 -3 1 1 1 -1 -3 3 1 1 3 3 1 -1 1 1 0 1 -1 0 -1 -2 -3 1 -3 0 -3 3 2 0 -1 0 -2 0 -2 -1 -3 1 -3 -3 0 1 3 -2 0 2 -2 2 2 -3 -3 0 -1 1 1 3 -3 0 -3 1 3 1 0 2 2 3 -3 -2 -1 2 -3 2 2 -1 3 3 -3 1 3 -2 2 -3 3 3 -1 2 -3 3 0 1 -3 -2 -1 3 3 2 -2 1 0 2 -2 2 2
0 -3 -1 2 2 0 2 0 -3 2 0 3 0 -3 0 3 -2 0 2 -1 -3 3 3 0 1 -3 -1 3 2 -2 2 -1 0 -2 3 0 -3 -2 -3 3 3 -2 1 2 3 3 3 3 3 2 0 2 -2 3 0 -3 1 -1 -2 3 0 -3 1 2 -1 0 -2 2 0 0 -3 2 0 -2 -3 -2 -1 1 1 2 2 1 -2 -3 1 2 0 3 -3 3 -3 3 1 -3 -3 2 2 -2 3 3 -1 -3 0 0 -1 0 1 1 0 -1 -2 3 0 -2 -3 3 2 1 0 0 -3 -3 -3 -3 1 0 -2 3 1 1 -3 1 1 -3 2 -2 0 0 1 -2 -1 -1 -1 -1 -3 2 -2 2 0 1 1 2 -3 2 0 0 -2 -2 0 -2
0 -2 -1 3 -1 3 -2 -2 2 -3 0 3 -1 1 -3 -2 -1 1 1 -3 3 -2 0 1 3 3 -1 -1 0 3 2 2 2 -2 1 -1 -2 1 3 3 0 3 0 1 0 0 3 -2 2 0 -2 0 -3 3 -2 2 3 3 1 1 2 2 -3 -3 -3 2 -2 2 2 3 -1 2 -3 2 3 3 2 -3 -1 0 2 -1 3 -2 -1 -1 0 2 0 1 0 2 -1 3 -3 -1 2 1 2 0 2 0 -3 0 2 -3 -3 3 1 1 0 -2 2 3 3 -2 3 1 2 3 -3 -1 3 -1 3 -3 2 1 2 -2 2 3 3 -1 -3 0 -3 3 2 1 1 1 0 0 1 2 0 3 3 1 2 2 -3 -2 0 1 3 -3 -2 1
-1 3 -2 -3 -3 0 -2 3 1 3 -2 -1 0 2 -1 0 -1 -3 1 1 2 2 -2 0 1 -2 -1 -2 -1 0 1 3 3 0 -1 3 3 1 0 0 -1 0 1 0 1 0 -2 -2 1 1 2 2 -3 3 1 2 -3 -3 0 0 -2 -1 0 1 -2 1 1 1 0 -1 1 2 2 1 -1 3 -3 -3 0 -1 0 0 2 -3 1 -2 -2 -3 0 2 2 2 -2 2 3 -1 1 1 -2 -1 -1 3 1 -2 1 3 3 -2 0 0 1 3 -2 -3 1 -3 2 -2 -1 2 0 -3 -1 1 -1 -2 1 0 -2 0 2 -1 3 1 -1 3 0 1 3 -2 -3 -2 -2 1 -1 2 3 0 -1 -1 3 -2 0 -3 -3 -2 -2 -2 2 -3
-3 1 2 -1 1 0 2 0 -2 2 1 -3 2 -3 -3 -3 -1 0 -2 -2 1 -2 -2 -3 2 -2 -2 2 1 -1 2 0 3 -3 2 -1 3 2 -2 -3 -1 3 -1 2 2 2 1 -3 3 -2 -3 1 0 0 2 0 3 1 -3 2 -2 3 -3 -3 -1 1 3 -3 -3 -1 -3 0 3 2 0 2 -1 2 -1 -2 3 2 2 2 -2 2 1 -1 -3 1 1 0 1 -2 3 3 -2 2 -3 0 -2 0 2 -3 -1 0 3 2 2 3 -3 -2 1 -1 1 3 1 -3 -1 -2 3 -2 2 3 -2 -1 -2 3 -3 3 3 2 3 -3 3 0 3 -1 1 -2 1 2 2 -1 -2 1 -2 2 3 2 -2 0 -3 1 -3 -3 -2 3 -1 0
-1 -2 2 -2 -3 -3 3 -3 -1 1 0 -2 -3 1 -2 2 -1 -1 2 2 2 2 -3 -1 -3 3 3 -1 -2 -3 2 2 3 0 2 -3 1 3 0 2 -3 1 -2 -1 3 -3 1 1 -2 -2 3 -1 3 1 -1 -1 2 1 -1 -3 -2 1 3 1 2 0 3 0 -1 -1 -1 2 3 -2 -3 -1 0 -2 0 1 -2 1 -1 3 0 2 2 0 0 -1 -3 -1 3 3 -3 1 0 -3 0 2 1 0 2 2 1 2 -1 3 0 1 1 2 1 1 0 0 -1 -3 0 1 -1 -3 -1 -2 -2 0 -3 1 -2 -3 2 2 3 -1 1 2 -2 -2 2 -3 0 1 0 1 2 -2 1 -3 -2 1 1 1 2 -2 -3 2 -3 -2 3 1
-2 1 -3 0 1 -3 0 3 2 1 -2 -2 1 -2 1 3 1 0 3 3 1 2 2 3 0 -2 -2 -2 -3 -1 0 2 1 1 2 1 -2 -2 1 0 -1 0 -3 2 0 2 -1 -3 1 -2 -2 1 2 -2 2 2 0 -1 -1 -1 -3 0 -2 2 0 1 1 -3 3 2 0 -3 0 2 -2 -2 -1 -2 1 1 -3 3 -1 -1 0 2 -2 0 1 -2 -1 -3 -2 1 2 2 -2 -2 1 -2 0 -2 1 -3 -1 1 0 2 2 2 -1 -3 -3 3 -3 -3 -3 -2 -2 3 -2 -3 2 2 3 3 2 0 3 1 -2 0 -2 2 2 1 3 -3 0 0 1 1 1 -1 0 0 1 1 1 2 1 3 1 0 -1 1 2 -3 -3 2
2 -3 -1 -3 -1 0 0 -1 3 -2 -1 -2 -2 3 -1 -2 -1 3 -2 -1 3 -1 2 -3 3 -3 -3 -2 -2 3 -2 0 2 -3 -3 2 3 -1 2 0 0 2 3 2 -1 0 -2 -1 -1 -1 3 -3 2 0 -2 1 3 3 2 -2 3 0 2 2 -3 0 -2 -3 -1 1 2 3 0 -1 1 0 1 -2 -2 0 3 -2 -2 -1 0 -2 3 -3 2 -1 0 0 -2 -2 2 1 -2 1 0 0 -1 1 -1 0 1 0 -3 -1 1 1 -1 -2 2 -1 -1 -1 -3 -1 -1 -3 -2 -2 -2 1 -3 1 0 -1 0 1 0 3 0 0 -2 0 -2 0 -2 3 3 -3 2 -3 -1 -3 1 2 -3 3 -3 1 1 -2 -3 0 -1 2 2 -3
0 -3 3 -2 1 -3 -1 2 2 -1 1 -1 -2 -1 1 1 -3 -3 -3 -2 1 -1 1 1 3 1 1 -2 3 1 -3 -3 -3 -1 3 1 3 -1 1 2 -3 2 1 0 -2 1 -2 1 -2 0 1 0 1 -3 -2 3 2 1 2 3 1 2 -2 -1 -2 -3 1 1 -1 3 -1 2 -2 0 -1 -3 -1 -3 -2 1 3 -1 -3 -2 3 1 2 -2 3 3 0 0 1 2 1 -3 -2 -3 -3 2 1 -3 -2 3 1 -1 1 0 2 -1 -3 -3 0 1 -1 -3 -1 0 -1 -1 -1 -3 -3 1 -3 3 -1 -2 0 2 3 0 -1 -1 1 -1 -1 2 0 3 -2 -3 2 -1 -2 0 -2 0 2 0 -1 -2 -3 -3 3 -2 -2 3 3 3
-2 -2 1 1 3 2 2 2 2 1 -3 -3 1 -3 -1 3 1 -2 0 0 -2 2 2 -3 -2 1 2 -3 0 2 3 0 2 3 -1 1 -1 -3 0 0 -2 0 2 -3 1 -2 0 -2 1 3 3 -3 1 3 0 1 1 -2 1 0 2 -2 -3 3 3 0 -1 1 -1 1 0 2 -1 -1 -1 3 -1 0 -1 -2 0 -2 3 -2 -3 -2 -3 1 1 2 1 0 -1 0 0 -2 3 2 2 2 0 2 -2 -3 -2 3 -3 3 -1 0 2 1 2 3 0 1 0 0 3 3 -3 0 1 -2 -3 3 2 0 1 1 -3 -3 3 -2 3 -1 -2 3 -1 0 -2 0 2 0 -2 -3 2 -3 3 0 -2 0 -1 -2 0 0 -3 0 1 1
-2 1 3 0 0 0 -3 -3 3 1 0 3 3 2 2 0 -2 0 3 3 -1 -2 3 1 -3 2 2 -3 0 2 -2 3 2 -2 1 0 0 -1 -1 2 1 3 -3 2 1 -3 3 -2 3 1 2 -1 2 0 1 2 0 -2 2 2 1 1 0 -1 -1 3 -3 0 1 1 3 -2 0 -3 1 1 -2 -3 -1 0 2 -2 -2 -3 -3 -3 -2 3 -3 -2 -2 -1 1 -1 -2 -1 0 2 -1 -1 -2 -2 2 -1 -1 0 -2 3 2 -2 -2 2 1 -3 0 3 2 -3 -1 -2 0 -3 -2 1 2 -1 3 1 0 -2 3 -1 2 -1 2 0 1 0 1 2 -2 0 0 3 1 3 3 -3 -2 -1 -2 1 -3 2 1 -2 -3 3 -2 -3
-2 -1 2 3 -3 1 -2 3 0 3 2 -3 -1 0 -2 3 0 1 0 -1 0 1 2 1 3 2 2 -2 -2 0 0 0 -2 -3 1 1 1 3 -1 0 -1 -3 -2 -2 -2 -1 -3 2 3 3 -3 -3 -2 3 1 0 1 -3 -2 2 1 1 2 -1 3 0 2 -3 -1 1 -1 3 -2 3 1 -1 0 1 -1 -2 3 -2 1 2 -1 0 3 2 3 -2 0 -2 -1 -1 -3 0 -2 -3 -2 -2 -1 -1 -3 2 -2 -3 -2 3 0 -1 -2 2 -3 -3 -1 2 1 -3 2 2 -1 1 2 0 -2 0 1 1 1 -3 1 2 1 -1 -2 3 0 1 2 0 -1 -2 -2 -2 0 2 0 -2 -3 3 2 -1 -2 2 -2 -1 -2 -1 3 3
-3 3 -1 0 0 0 1 -2 2 -2 3 0 -1 -2 1 -2 -2 -1 -1 -1 -1 -3 3 2 -2 2 -3 -3 1 1 2 -3 2 3 2 -1 -3 1 -2 1 0 -1 3 0 -1 3 0 3 3 -2 1 1 0 0 0 2 1 3 3 -3 3 -2 -3 -2 1 -1 -2 -2 -3 2 -2 1 -1 -3 2 -3 1 -1 0 -2 2 1 -2 2 -3 -2 0 -1 -1 0 1 -2 -3 -3 2 -2 -3 -3 -2 1 0 3 3 2 2 -1 -2 0 0 0 3 1 3 2 2 -2 -1 3 1 2 3 2 -3 1 0 -1 -2 -3 -2 -3 -2 -2 2 3 0 1 -3 3 -1 0 -2 0 3 1 0 1 -2 1 -3 -1 3 2 3 3 1 3 1 -1 0 0
0 2 -3 1 -2 -2 1 -3 -1 2 3 0 2 3 3 1 -3 -1 -3 2 2 2 -2 -2 1 3 -2 1 2 -1 -3 3 -1 -2 -1 2 3 2 3 3 -1 -2 -1 -3 3 -3 -1 -2 -1 -3 -2 2 -3 3 -2 -1 0 0 -3 1 -2 -2 -3 0 0 1 2 2 -3 2 -1 3 -2 1 0 2 -3 -1 -1 2 3 -3 -2 1 0 2 -1 2 2 2 -1 -2 2 2 1 -3 1 -3 3 -2 1 2 0 1 -2 -1 3 0 -3 3 0 -1 3 3 2 1 -3 1 3 0 1 1 0 -3 -3 2 -1 0 -2 1 -3 1 -2 -2 2 0 -1 -3 0 3 -3 -2 2 3 3 2 2 2 1 -1 -2 -3 0 3 0 0 2 3 -1 -2
3 -3 0 -1 3 -2 3 2 -2 -1 -1 -1 3 -2 -3 -3 0 2 -3 -3 1 -1 -1 -3 0 0 3 0 2 1 0 2 -1 0 0 3 -1 1 -2 -1 -3 1 2 0 -2 1 -2 -2 0 2 -1 2 -1 2 -1 -3 -2 1 -3 2 -1 3 -1 0 -1 2 -2 -1 -3 2 -2 -3 1 -1 2 0 3 -3 0 0 -2 3 2 0 -1 3 -1 0 -2 -3 -1 2 -2 3 -1 2 -1 0 0 3 0 1 -3 -2 -1 0 2 -2 1 0 -2 -1 1 3 -3 -2 3 2 -3 1 3 -1 3 1 -2 0 -1 0 -3 3 -1 3 1 3 3 -3 -1 -1 -1 -1 -3 2 2 -2 -3 -2 -2 2 2 -3 -3 1 0 -1 3 1 -2 2 -1 -2
1 2 2 -3 3 -1 -1 3 2 1 -3 -2 2 -2 0 0 0 2 0 -1 2 -2 0 1 -1 0 0 -2 1 -1 -1 2 1 -1 -3 -2 0 3 -1 2 2 2 -2 1 -1 -3 2 -2 -1 -3 0 1 2 3 2 3 3 3 1 -1 0 -1 1 3 -2 3 -3 0 3 1 -2 1 1 -2 3 -1 -3 0 0 -2 -1 0 1 -2 3 0 2 3 -1 2 1 -2 1 -3 2 -1 1 1 -1 -3 -3 2 0 0 0 -3 2 -2 1 -2 -1 0 0 2 -3 0 1 -2 2 -1 3 -1 1 -2 1 -1 -1 2 2 -3 3 2 3 3 -2 1 3 -2 0 -2 0 2 3 -1 2 1 -2 0 -1 -3 2 1 2 1 2 -3 -3 -1 1 2
-2 2 2 3 1 -1 0 -1 -1 1 -2 0 -2 1 1 0 -1 0 0 1 0 3 3 3 -1 -2 -2 -3 -1 -2 0 -1 -2 2 1 3 2 1 1 2 3 -1 2 1 3 1 2 -1 -1 0 -3 3 0 1 -2 -3 0 1 -1 2 -1 3 -2 -2 3 -1 0 1 3 0 3 3 0 -2 0 0 -1 -1 -3 1 -2 -3 2 -3 1 1 3 1 -1 0 -1 1 -2 2 1 -1 3 3 2 3 3 -1 -2 2 3 0 0 3 1 -2 1 0 -2 0 0 1 2 2 -1 2 2 -1 -1 1 -2 3 -2 -2 3 3 1 0 0 2 -1 0 -2 -2 2 -3 0 -1 -3 1 -3 2 -2 0 2 -2 3 1 3 0 0 -1 -3 0 -3 0
-1 -1 3 1 -3 -3 3 1 3 0 -2 3 3 2 -3 -3 3 0 0 -3 -3 -1 3 0 -1 2 -1 0 -1 2 1 2 -3 -2 -1 2 -3 -3 0 2 -2 -2 0 0 -2 1 3 1 -2 2 0 -3 -2 -1 -2 3 3 2 -2 2 3 3 0 -3 0 2 -1 1 0 -1 2 -2 2 1 3 0 -2 -2 2 3 3 1 3 3 3 -1 1 1 0 -1 -1 -3 2 0 1 1 1 -3 -2 -1 0 1 0 -2 3 -1 -3 3 1 2 -1 2 -1 -1 1 2 0 -1 -2 2 3 2 0 -2 0 -3 3 1 3 -3 3 -3 3 -3 0 -3 1 -1 2 -1 2 2 1 0 1 0 3 2 -3 1 2 -3 -2 -3 1 2 1 -3 3 0
-3 1 2 3 3 3 -3 0 -3 2 -2 -3 -2 3 2 -3 0 3 3 2 -1 0 -1 1 2 1 -1 3 2 2 1 2 2 -2 2 -1 1 2 -3 -1 -2 -1 2 3 3 -2 1 -1 -2 -1 3 0 -2 -3 -3 3 0 3 3 -2 2 3 -2 -2 -1 2 1 -3 2 -1 -1 -3 3 -2 -3 0 2 1 -1 -1 0 -3 0 -3 0 -3 0 2 -1 -1 -3 3 0 0 1 3 -2 -2 -3 -2 -2 2 -2 -3 1 -2 -2 3 -2 1 -2 3 0 -2 -3 1 0 -3 2 0 -2 -1 -2 0 2 -2 -2 -2 -3 2 2 3 2 -3 2 2 3 -1 -2 -2 3 0 1 1 3 3 -1 -2 -2 1 2 2 -3 -1 0 -2 -3 -2 -1 1
2 0 0 1 -3 -3 -1 1 0 0 -2 2 3 2 -2 2 3 0 -1 -3 0 2 3 2 0 -1 2 0 0 1 3 3 0 3 0 0 3 -3 0 -1 2 2 3 -3 1 -3 -2 1 2 -2 3 1 2 1 2 -3 -1 -2 1 -3 1 -2 -3 1 0 1 -1 -3 -1 2 3 -3 -1 1 -3 2 -3 1 1 -3 -3 0 1 0 -3 -2 -2 -2 3 0 0 1 2 1 0 0 2 2 0 0 -2 3 -3 -1 -1 -3 2 -2 0 -1 2 0 -2 2 -1 -2 -3 3 -1 0 -1 -3 -3 2 3 3 0 2 1 1 -2 1 0 -1 1 -1 -3 0 0 3 3 2 3 3 -2 -1 -1 -1 -2 3 2 -1 -2 0 -3 -2 -1 2 -3 -3
2 -2 0 1 1 3 1 -1 -1 -2 -1 -2 3 -3 -2 2 -2 1 1 0 -1 -1 -3 0 -1 3 0 2 -3 -3 -2 -2 -1 -2 0 2 -1 0 1 0 3 -3 0 -3 -2 0 -2 -1 -1 0 2 3 3 1 -1 0 3 1 0 -2 3 0 -2 0 -1 -3 -3 0 1 2 -2 1 3 2 0 3 -3 2 0 -3 3 3 -1 3 3 0 -1 0 -2 0 2 3 -3 1 2 -2 -3 2 3 -2 1 -3 -2 2 3 3 -2 0 -3 -3 0 0 2 3 1 0 -2 2 -1 3 0 -1 0 1 1 3 0 0 -2 -1 0 3 2 2 -3 -3 -3 0 1 -2 -2 -1 2 3 0 -1 -1 -1 1 2 -3 -1 -3 3 -1 0 -2 0 -3 2
1 -1 3 0 0 -1 3 -1 1 -3 0 1 3 0 3 -2 1 2 -3 2 1 2 1 3 3 -2 -1 -3 3 3 -3 -3 -1 -1 -2 -2 -2 -2 1 0 -1 2 -1 -3 -1 2 1 3 3 0 3 -1 3 -2 -3 -3 -2 3 1 0 -3 -2 1 -1 2 -2 -3 0 3 3 2 3 2 -1 -2 2 2 -1 0 1 1 3 -1 -2 1 2 2 1 -1 0 -2 0 -1 0 0 3 -2 -2 0 -1 2 0 1 0 0 -2 -1 3 -1 2 2 -2 1 0 -3 0 1 -3 -3 -1 2 2 1 -3 2 3 -3 2 0 -2 2 2 -3 0 -1 3 -1 -3 -3 0 3 1 -1 -1 2 -1 -1 1 2 1 -2 0 0 -1 1 -3 2 0 1 -1
-2 -2 2 1 3 0 -1 -2 -2 -1 1 -3 -3 0 -3 -2 0 -1 -3 2 0 -3 1 2 1 2 -2 -3 -1 3 0 -2 0 -2 -2 -1 3 -2 -3 -2 3 -1 1 -3 1 -1 3 -3 1 2 -1 3 2 -1 -2 0 3 2 -1 -1 3 2 -2 0 -1 -1 0 -2 -3 3 -2 -1 0 -1 -2 1 3 -3 0 0 -3 -2 1 0 2 -3 2 2 -1 3 -2 -2 1 1 -2 -2 -3 -2 -3 -3 0 -1 3 3 -1 2 -1 1 2 -2 0 2 -3 0 1 -2 0 0 3 -3 -3 -1 0 -2 -1 1 1 2 1 3 -1 3 3 -1 1 -2 -1 -3 3 -2 1 -1 -2 -3 -3 -2 -1 0 -3 -2 1 2 1 1 -2 -2 1 -1 -3 -3
-3 -2 -2 -3 1 0 0 0 -2 2 2 2 -2 2 0 -3 2 1 0 -2 0 -2 -1 2 3 2 1 0 2 -3 -1 -1 -3 2 -3 2 -2 -1 2 -3 3 1 -1 0 1 -3 0 -3 0 0 2 2 3 1 -2 1 -3 1 3 2 -3 -2 -2 -3 3 -2 1 -3 -3 1 -2 3 -3 3 0 3 2 0 0 2 0 0 -3 -3 -1 3 -1 0 -2 1 0 2 -2 -2 -1 -1 2 -2 1 0 0 3 1 2 1 -2 -2 -2 3 -1 -3 1 -1 2 -1 -1 0 2 -1 1 0 -1 2 1 3 -3 -3 3 0 -2 -2 1 -3 1 1 1 -2 3 0 2 -2 1 -2 0 3 -1 2 0 1 2 1 1 -1 0 0 -2 1 3 0 -1
1 2 -2 1 3 3 -3 -1 -2 -2 -3 2 3 0 3 0 0 -1 -2 0 3 1 1 1 1 1 3 3 1 2 3 -1 -1 -1 -3 0 2 -1 2 -2 1 -3 -3 0 1 -3 3 -3 -1 -1 3 -2 1 0 2 2 3 -3 2 0 3 -3 -1 3 -3 3 1 -1 -2 2 2 2 3 2 1 -3 -2 -2 -1 -2 -3 -1 2 -3 2 1 -1 -1 0 0 1 -1 0 -3 -2 -2 2 -3 -3 -3 3 1 0 1 -2 0 -2 -3 0 -1 -2 1 -3 3 -1 0 -2 0 -1 1 2 0 0 1 -1 0 -2 1 1 1 -3 -3 1 2 -1 3 -2 1 0 0 1 -3 1 3 -3 2 -3 1 3 3 -1 -3 -1 -2 3 1 3 -2 -2 0
-2 2 3 -3 -2 -3 -3 1 0 1 1 3 -1 1 -1 1 0 3 -2 -2 -1 -2 -2 2 0 3 -1 -1 -2 -2 0 -1 2 1 0 -2 2 -2 -3 -2 1 3 1 -1 0 1 3 3 -2 -2 -3 0 -3 -1 1 3 -2 -1 2 3 3 -3 -2 -3 3 -3 2 -1 2 0 -2 -3 2 2 3 0 1 -2 1 0 3 0 -2 -1 -2 0 2 2 -1 -3 -1 -2 0 1 -1 -1 1 -1 1 -3 -3 -2 -1 -3 -1 -2 -3 0 0 0 -1 -3 2 -3 1 -2 -1 -1 -2 -3 0 2 0 1 -3 -2 -2 -1 -3 -2 -3 0 3 3 -2 -3 -3 3 3 -3 0 2 1 -2 2 -3 -3 3 0 -3 -2 1 -3 -1 1 -2 -2 3 -2 3
1 3 0 3 -3 0 -2 1 1 1 -1 2 0 -3 0 3 2 0 -1 -3 1 2 1 -3 -2 -3 -1 -1 2 -3 1 -1 -3 -1 -2 2 2 1 0 -2 -3 2 0 -1 -3 1 2 -3 -2 3 3 0 2 0 -3 3 2 -2 -2 0 0 1 2 2 -1 3 0 3 0 1 3 -3 -3 2 -1 3 1 2 3 2 1 -1 1 -1 1 0 1 2 0 -1 0 1 1 3 2 3 3 3 1 0 -2 0 -3 -1 1 2 -2 -3 1 -1 3 0 3 -3 0 1 0 2 0 1 -2 1 1 -1 -2 2 2 -2 -1 1 2 2 3 -2 3 1 2 -3 2 2 3 0 -1 -2 -2 -3 -1 -2 -3 2 -2 2 1 -2 -2 0 3 -1 -3 -2
3 -1 -3 2 0 -2 2 -1 -1 -2 -2 0 -2 -3 -3 0 2 0 3 2 -1 1 -3 2 -3 3 -1 2 0 1 0 3 2 0 1 -2 1 -3 1 -1 -1 0 -2 0 0 2 1 -2 3 1 0 -3 -3 -1 -1 -2 -2 2 1 2 -2 0 1 -3 -2 0 -2 -2 2 1 3 -1 -1 -3 0 1 -1 3 2 0 3 -1 0 -2 -1 -1 -2 -3 -2 0 0 -3 2 -3 3 -3 -1 1 0 2 3 3 3 3 3 3 -3 -3 3 2 3 -3 1 2 -3 2 1 3 1 -3 1 -3 2 -1 -1 0 -1 3 0 2 -1 -2 0 -1 3 3 -1 0 -3 3 -2 0 1 -3 1 3 0 -2 -3 2 1 -3 1 1 2 0 2 2 -3 1
2 -1 0 -1 -3 0 -1 -2 -3 -3 -2 -3 -1 0 3 3 2 -1 0 2 -2 3 -1 3 1 1 -2 -1 -2 2 2 -3 -1 -1 3 0 -1 -1 -2 2 -1 2 3 2 0 2 -3 -3 3 1 2 1 -1 -3 -1 2 -2 3 2 2 1 0 -3 -1 -1 0 -2 3 3 1 -2 2 -1 1 1 1 -1 -1 3 2 -2 3 3 -3 3 0 0 -3 1 1 3 2 3 1 2 2 -2 -3 -3 2 0 -2 -1 3 3 1 3 0 0 -2 1 -2 -2 -1 -2 1 -3 -1 -2 -2 -2 -3 2 -1 -1 -3 1 -1 -3 1 2 -3 -3 2 -2 -1 2 3 3 -2 -1 -1 0 1 3 1 0 0 -2 -2 0 1 1 -2 1 2 -3 1 -1 1
1 -1 -3 -2 -1 0 -1 0 3 2 0 3 2 0 0 -3 -2 3 2 3 -2 0 -1 -2 2 -1 -3 3 0 -3 0 0 2 -2 2 -3 0 2 1 1 2 2 -2 -1 -1 3 -1 -1 0 -1 2 2 -3 2 -1 -3 -3 3 -1 2 0 -3 0 3 1 0 -1 -1 2 2 2 0 2 3 0 0 0 0 2 -3 -1 -3 3 0 1 3 -2 -3 3 -3 1 -3 -2 -1 2 -1 -1 3 -3 3 -2 2 -1 -2 1 -3 1 -3 0 1 -3 -1 0 2 -3 3 -2 2 -1 3 0 0 2 -1 -1 1 -1 3 3 3 -2 0 1 -2 1 3 -2 -1 -3 0 -3 3 -1 1 -2 3 3 0 -3 -2 0 -1 3 0 -2 -3 0 1 0 1
-3 -1 -1 -2 1 -3 3 -2 1 0 0 -3 0 -2 -2 -1 1 2 -3 3 3 -3 2 -2 0 -1 0 1 1 0 -3 -2 1 -1 -3 1 0 0 -1 2 -1 -3 -1 -3 -1 2 -2 -3 -3 0 3 1 -3 1 1 3 -2 2 0 -1 -3 -2 2 -2 -3 0 0 -3 -1 2 -2 -2 -2 -1 2 0 3 2 2 -2 2 0 3 0 -2 0 1 0 0 1 0 3 3 2 3 2 3 3 -2 3 -2 2 1 3 -2 2 1 3 0 -3 0 -2 0 1 0 2 0 -3 1 -2 3 0 -3 0 2 -2 -3 1 0 1 1 1 2 -1 -1 -3 3 2 2 0 -1 -1 1 3 -1 3 0 0 2 0 0 -2 -3 3 3 0 2 0 2 -1
0 -2 3 -2 2 -3 0 -1 -3 -3 -3 1 -1 3 1 0 -2 2 0 0 -3 1 1 -1 2 1 -3 -2 -1 0 -2 -3 2 1 3 3 -3 1 1 0 3 3 3 3 -2 2 -2 3 -2 3 1 -1 -3 2 1 1 2 1 1 2 -1 -2 -3 -1 0 0 -2 0 -2 -1 -2 0 0 3 2 -2 -3 2 -1 -3 -2 2 0 -3 3 0 -1 -3 3 0 -2 -2 -1 1 -1 0 0 3 2 -1 0 -1 3 0 -2 2 2 -1 -2 0 -1 2 -2 0 -1 -1 -3 -3 0 -2 -3 3 2 -1 2 1 3 1 -1 2 -1 -1 2 2 1 -2 1 2 -2 1 3 0 -2 2 0 1 -3 1 -3 1 -3 1 -3 -2 0 -3 3 3 2 0
2 0 0 -2 -3 -1 2 -3 -1 0 -3 -2 -1 1 -3 -3 -1 1 2 -1 -3 2 -1 0 -3 -2 2 -3 0 0 -3 1 -2 1 0 1 1 1 0 0 2 0 -3 0 0 2 3 -1 1 -3 2 -1 1 1 -2 0 -1 -1 -3 0 1 -3 -2 2 -3 2 -3 -2 -2 2 1 2 1 -2 1 -1 1 2 0 -3 -1 -1 0 2 2 0 3 3 3 0 0 1 -1 -2 0 -3 -1 -2 2 -2 0 -2 1 -2 3 -1 -1 1 3 0 1 1 3 -1 0 0 1 2 -1 -1 3 0 -2 3 -2 2 1 -1 3 0 0 2 -1 3 2 2 1 3 2 2 1 1 -2 -2 -1 -3 0 1 -2 -1 0 3 2 1 -1 -3 -1 0 -2 1
0 0 -3 2 -2 2 -3 2 -3 0 0 -1 -3 0 -1 2 3 -3 -2 -3 -3 -2 -1 2 -1 3 -2 -2 1 0 1 1 -1 2 -3 0 1 1 3 3 -2 1 0 2 3 -3 -3 -3 -1 0 3 -2 1 1 0 3 3 3 -3 1 -1 0 -2 1 0 3 -2 0 0 -3 -1 0 -2 -1 -3 2 0 3 2 -2 1 3 -3 -2 -3 3 -2 1 0 2 -3 -1 3 -2 2 0 1 -3 -2 2 1 0 -2 -3 -2 -1 -1 -3 3 -2 1 -1 3 -1 0 -3 -1 -1 -1 1 -2 1 0 3 1 3 3 -3 1 -3 2 2 1 -3 2 2 3 -1 1 1 3 -1 1 -3 2 1 0 -2 -2 2 -2 1 1 -1 -2 -2 -3 0 3 -2
3 -2 3 0 1 -2 2 3 0 3 -3 -2 1 3 1 2 1 -1 3 2 3 3 3 2 3 -2 -3 0 -1 -1 2 3 1 -3 3 0 0 -3 -2 -1 -3 -1 2 0 -2 -2 3 1 1 -1 -3 2 0 2 0 3 0 -3 -3 2 2 2 -2 -1 3 0 -3 0 3 -3 -3 -3 -2 0 3 -2 -2 2 -3 3 3 1 -1 -2 3 -2 0 -3 2 -2 -3 -2 1 -3 -2 -2 2 -1 0 3 0 0 -2 0 -2 1 2 -2 1 1 -2 -2 1 -3 3 2 -1 3 -2 2 -1 -1 2 3 -3 0 -1 -1 0 -2 -1 1 -2 0 -3 -1 3 3 3 -3 -1 2 -2 -3 -2 -1 1 -3 2 -3 -3 3 -2 -3 0 3 -1 -2 2 2
-2 -3 3 -3 2 -2 -2 -1 2 3 -2 3 -2 -2 2 -1 -2 -1 -2 -3 -2 2 2 1 -2 3 2 -3 2 3 -2 0 1 -2 2 1 0 -3 0 -3 -2 2 -3 3 0 3 2 0 2 3 3 -1 3 1 -1 0 -1 -3 2 -1 -2 -2 2 3 1 -3 3 0 3 -1 3 1 0 0 -3 2 -1 2 2 0 3 2 -1 -1 2 -1 -2 -2 1 -1 1 1 -1 -3 -1 3 -2 -1 3 0 1 -2 3 -3 1 -2 2 1 3 -3 0 -2 -1 3 0 -3 2 0 3 0 -2 0 1 -1 3 -2 -1 1 3 1 -1 -3 0 -3 -3 -2 2 1 0 0 3 -3 3 -1 1 2 0 -3 -1 -1 2 -2 2 -3 2 -3 1 -2 -2 1
2 3 2 -2 0 3 -3 3 -1 -2 -1 -2 3 -1 0 3 -2 2 -1 -3 -2 -3 -3 -1 -1 3 1 3 -3 1 -2 1 0 2 -2 -3 -3 0 -3 1 0 2 3 -3 -3 -2 -1 -2 -3 -2 3 -1 0 -2 2 -1 -1 3 3 -3 1 3 1 -1 0 2 -1 0 2 0 1 -2 1 -3 1 2 3 -3 2 1 -3 -2 -1 3 1 -3 -1 2 1 2 -2 -1 3 2 1 1 -2 3 3 -3 -2 2 -3 2 -2 3 -1 2 1 2 -3 -3 1 -1 0 -2 1 -2 -2 -3 3 1 0 0 0 -2 -1 -3 -1 -3 3 2 -2 1 2 -1 -2 0 2 2 -1 -2 3 1 1 3 1 1 3 0 0 3 3 -3 1 -1 1 -1 3 2
1 0 1 0 -2 -1 -3 2 2 -1 0 0 3 1 1 2 2 0 -1 3 -2 1 -3 -3 2 -1 0 -1 2 -2 -1 -3 0 0 -2 0 -2 0 -2 -1 2 0 -1 1 2 -1 0 2 2 1 1 -3 -2 -1 3 -2 -3 2 -1 2 -1 2 3 -2 -1 0 -3 0 -2 -1 -3 0 -3 3 1 -1 1 0 3 1 -1 -1 -1 3 2 -3 -2 0 0 0 1 3 1 3 3 -2 -1 -2 2 1 3 1 0 1 2 -2 3 -2 -2 2 -3 0 0 3 1 -1 1 0 1 -1 2 -1 1 -2 3 -1 1 3 2 0 -2 3 1 -3 -2 3 -3 0 0 0 -2 2 -3 3 -1 0 3 -1 1 3 -1 3 2 -2 0 -3 -1 -1 -2 0
-1 1 -1 -2 -3 3 -2 -3 0 1 -3 0 3 1 0 2 -3 2 0 2 -1 -1 1 0 1 0 1 -2 -3 -1 3 1 -1 -2 2 3 1 3 1 -2 3 1 2 -1 -2 0 0 0 0 3 3 1 0 3 1 1 1 -3 2 -2 2 -2 1 -2 -2 -2 -3 -3 -3 1 0 2 2 2 2 1 3 -2 -2 3 2 -3 1 2 1 -3 -3 2 2 2 0 2 0 2 0 0 3 2 2 2 2 1 -2 -2 -1 -1 1 3 2 2 3 -2 -3 2 1 2 -3 -3 -2 2 -3 2 3 2 1 -3 1 2 0 3 -1 2 2 3 3 3 3 1 3 1 -3 0 -1 0 3 -3 -2 1 3 2 0 0 0 0 2 0 0 -1 3 1
1 -3 1 1 -1 -2 3 -1 -1 -2 3 1 2 -1 0 2 -3 2 1 1 2 -3 0 2 1 0 1 -3 -3 -1 -2 -1 0 3 -2 0 2 0 -2 3 -3 3 -3 -2 -3 -1 0 0 2 -1 -2 1 3 0 0 1 -2 -2 -2 3 3 -1 -2 1 -2 -3 -2 -2 0 3 -2 -1 3 2 -1 3 3 2 0 3 3 1 3 0 -1 -2 -1 -1 -1 0 1 -1 -1 -3 3 0 2 2 3 0 -1 -2 1 3 3 0 0 -2 -2 1 3 1 0 0 -2 -2 1 1 2 -1 -1 3 3 -2 -2 -2 3 -2 3 2 0 -2 1 -2 3 -3 3 3 1 -2 -1 -2 2 -1 -1 1 3 3 -2 -2 3 2 0 1 3 -3 1 -3 -2 -1
-2 1 -3 3 1 1 0 -1 1 -1 2 1 -1 3 -2 0 -2 3 -2 -2 0 2 3 -2 -1 3 -1 -2 -1 -2 -2 2 1 -1 1 1 -3 -1 -1 3 3 1 3 -3 -1 3 0 -3 1 1 3 -3 -1 -2 -2 3 3 0 -3 2 -3 -2 0 -3 0 -1 -2 3 -2 1 2 -2 1 1 -3 -1 0 1 -3 2 -2 3 -1 -3 2 -1 -1 -1 1 0 2 -2 2 2 -1 -3 3 0 3 1 3 2 -2 -1 3 0 0 2 2 -3 3 -1 -1 -1 3 0 0 1 -3 -2 2 -2 -1 -3 3 -3 0 3 0 2 -3 0 -3 0 -3 -2 -3 -2 2 1 -1 1 3 2 3 -3 3 -2 -1 3 -1 -3 1 0 2 -2 2 -2 -2 -1
-1 -3 0 -3 -1 1 -3 3 1 0 2 -3 2 0 3 -3 -2 -3 -3 1 -2 0 2 3 -2 -2 0 0 -1 -2 -1 2 -1 2 -3 -3 -2 -2 -1 -3 2 0 -3 -2 -2 0 -3 -2 -1 -1 -1 1 -1 -1 -1 -3 0 -1 1 -2 2 -1 3 -1 -3 0 0 -1 2 2 2 2 2 -2 2 0 -1 -2 -2 1 -3 0 -3 2 1 -2 -2 2 2 0 -3 2 0 1 -2 -3 3 1 1 2 2 1 0 2 -1 -1 -1 1 -2 -3 -1 0 3 -2 0 -2 -1 1 -3 -1 2 -1 2 -1 -2 -1 1 -1 1 -2 0 0 3 -3 3 -1 -1 0 -3 1 3 1 0 -1 0 1 0 0 -2 3 1 -3 2 -2 -1 2 -2 0 1 -3
-2 3 1 -3 -3 2 -2 3 -2 -1 2 -3 -3 -2 1 -2 -1 -3 -3 1 -2 -2 -1 3 2 1 2 1 3 3 -3 3 2 2 3 -1 -3 -1 2 -3 -1 1 2 1 -1 -3 -2 0 1 -1 2 0 -3 1 3 3 -3 1 1 -2 -3 1 0 3 1 -3 -2 2 2 -2 -1 3 -1 2 1 0 -1 2 -3 -3 -1 2 1 3 -3 -2 -2 -2 -3 -2 -1 -3 1 -2 0 2 0 -3 -1 -3 3 0 2 -1 0 -2 2 0 -2 -2 -2 3 -1 -2 -1 0 3 1 1 -3 -1 3 2 2 -3 -2 3 -3 0 1 2 3 -2 0 -2 -3 -3 -2 -3 -3 -3 1 -2 0 0 0 -1 -3 -1 -3 0 -3 1 1 0 -2 -2 -1 -1 -1
2 -3 -2 -1 3 -1 -3 -2 2 -3 -2 3 3 3 0 -1 1 0 2 0 3 0 1 -1 -2 -1 0 -2 1 0 2 0 1 3 -3 -3 1 0 -1 0 -1 -1 -3 1 -1 -3 -2 -1 -1 -1 -3 -1 -2 0 0 -1 2 1 1 -3 1 -2 2 0 -1 1 -3 2 -2 2 -1 0 0 1 1 2 -2 -3 0 -2 -2 3 -2 -2 -2 -1 2 -2 -2 -1 2 2 -3 -1 0 1 2 2 0 3 -1 1 1 3 2 -1 -3 2 3 1 -3 -1 -2 3 2 -2 1 -2 2 0 0 3 -2 -2 0 -1 -1 3 3 1 -1 -3 -2 -3 0 2 -3 -2 2 2 3 3 2 2 2 2 1 -1 -3 1 2 2 -1 -2 0 1 1 1 2 -1
3 -1 0 1 2 -1 1 0 0 -2 2 2 0 3 -3 3 2 -3 1 -3 -1 1 -3 0 -2 0 -2 1 0 3 -1 -1 0 -3 2 0 3 3 0 -3 0 -2 3 2 2 1 2 0 1 -3 1 3 1 1 -3 3 -1 -1 2 2 1 3 -1 3 3 -1 -3 -3 -3 1 3 1 -2 3 1 -2 0 -3 2 0 -2 2 2 -3 -2 -3 -1 -1 1 -3 3 1 3 -3 1 0 2 3 3 3 2 -1 -1 -3 -1 -1 2 -2 2 3 -2 -2 0 1 0 2 -2 -3 1 -3 2 -3 3 1 1 2 -3 -2 1 2 3 1 1 -1 -1 -1 3 2 -3 -3 2 -3 -2 -3 -1 1 3 -1 -1 -2 2 -2 0 -3 -2 -2 1 3 2 1
-2 -1 0 -1 1 2 0 -3 0 -2 -1 -2 1 3 0 -1 -3 -2 0 2 0 3 -1 -1 1 2 0 -1 3 3 -3 1 -2 1 -3 -2 0 -2 1 -2 2 1 1 -3 3 2 0 0 -2 3 3 3 0 -1 -1 -3 0 -1 -2 -3 0 1 3 1 -2 2 -1 3 1 3 -2 3 2 1 -2 -1 0 -2 1 -1 -2 -1 3 -1 -2 -2 -3 2 0 2 2 -1 1 -1 -2 0 3 -3 -1 1 -3 0 1 1 1 1 -2 3 -3 -3 1 -1 3 -2 3 2 -2 -1 1 0 -3 -1 3 -1 1 -3 -2 2 2 -3 -1 3 0 -2 -1 0 0 -3 1 0 1 2 3 -1 3 2 -1 -1 -2 -1 2 3 1 0 -1 3 1 -1 3 -2
-2 -1 0 0 -2 -3 3 -2 1 -2 2 0 -1 -1 -1 1 0 2 -2 3 -1 -3 3 -2 -1 3 1 -1 2 -2 -2 3 -2 3 -2 0 3 -2 -1 2 -1 0 0 -3 -3 2 1 -1 2 -2 -2 2 1 0 -2 -3 0 -3 -2 1 3 2 -1 2 1 -3 -2 -1 -1 2 3 -1 -1 2 1 3 -3 3 1 2 1 1 2 0 1 2 -1 2 1 0 2 1 2 0 -3 -2 -1 -3 1 2 1 3 0 -2 -3 -1 -1 3 0 -1 0 3 0 3 2 2 2 0 -1 -3 1 3 -3 3 1 2 -3 -2 -1 -3 3 1 2 -3 -3 3 1 3 -2 3 -1 0 2 0 3 2 -1 -2 -2 3 1 1 1 3 -2 1 0 -2 -1 0
0 3 0 0 2 1 3 3 -3 -3 -3 -2 3 1 2 3 -3 0 -2 -2 0 -3 2 -3 2 -3 0 0 -3 0 1 -1 0 2 -3 0 2 3 -1 2 3 1 -2 -2 -1 1 3 -2 0 0 3 0 1 -1 -2 -1 2 0 -1 -3 0 -2 0 -2 2 1 0 -3 1 3 -1 -2 3 1 3 3 2 3 -2 -2 -2 -3 -2 -3 2 2 3 -2 -3 -1 1 -1 3 -2 -3 -2 -2 -1 -1 -2 1 -1 -2 1 0 0 1 3 0 -3 -2 1 2 -3 -1 2 -1 3 0 -1 3 -3 3 3 3 -2 3 -3 3 0 -2 -3 1 -3 -2 1 -1 3 -3 -3 1 1 1 2 1 3 -3 2 0 3 1 -1 3 2 0 1 2 1 -2 0
3 3 -3 0 1 -1 2 0 -3 -3 -1 -3 1 -2 1 -2 -2 1 -2 1 0 0 2 2 2 0 -3 3 -2 -1 -3 3 -1 3 2 2 -2 2 1 -2 -1 -2 -2 -2 -1 0 0 2 2 0 3 3 -3 2 -2 2 -3 3 0 -1 -1 2 -2 -2 2 -1 2 0 -1 -1 -1 0 -1 1 2 0 0 -3 2 1 -2 -1 1 2 -2 0 2 -3 -3 -2 2 3 2 -3 2 0 -3 -1 -1 2 -2 -3 -1 -2 0 1 0 -3 1 -1 0 2 2 0 -1 -2 2 0 -3 -1 1 -2 -1 3 2 -1 -3 0 -2 2 3 -3 3 0 -1 1 -2 -3 1 -3 -1 1 1 2 -2 1 1 -2 2 -2 0 1 -1 -2 0 2 1 1 0 -1
-1 -1 -1 0 -3 0 0 -3 3 0 3 -2 3 3 1 2 -3 -3 1 2 1 -3 0 1 -2 3 0 -2 -1 3 3 -1 2 -2 0 -2 -2 1 3 -2 -3 -2 3 -3 3 2 -3 -2 0 -2 1 2 0 0 -1 0 -1 2 -1 0 -3 2 2 -1 0 -3 3 -2 3 3 2 3 2 3 1 3 -3 3 -2 -1 -2 -1 2 2 -2 -3 1 2 -1 -1 -2 -1 -3 -2 -1 -1 0 1 2 -1 -1 2 3 -1 -2 2 -3 3 2 3 -2 2 -2 1 0 2 0 1 -3 0 -2 3 -2 -3 -3 -2 0 2 1 2 3 0 -1 -1 -1 0 -2 -3 0 -3 1 2 -1 1 -2 -1 -3 -2 -3 0 2 -2 -1 1 2 3 -2 2 -1 3
2 0 2 0 3 -3 -2 2 1 0 -3 -3 -2 0 -1 -2 3 0 -3 0 0 3 -1 2 -1 1 2 0 -1 2 1 -3 -3 -3 -2 -1 1 1 -3 -3 1 -2 -3 -3 2 -1 3 -3 3 3 3 1 2 -3 -2 -3 3 3 2 3 3 -1 3 1 0 2 1 -1 -1 -3 0 1 -3 3 -1 -2 -2 0 -3 0 0 3 -2 -1 -3 3 3 3 -3 3 2 0 0 2 2 3 1 1 -3 2 3 -3 2 -2 3 -1 2 -1 0 3 2 -2 -1 3 3 1 -3 0 3 -1 -3 1 -2 -1 0 -3 2 -3 0 -2 0 -1 -2 -3 3 3 0 2 3 1 -1 -2 1 -1 0 0 -2 -3 2 3 1 0 -3 3 3 -3 2 1 0 3
3 -2 2 -1 3 2 -3 -2 -3 2 -3 3 2 -1 0 2 -2 3 -1 -1 -3 -2 -3 -3 3 -2 -3 2 -1 -3 -3 0 -2 -3 2 3 -2 3 -2 2 -3 -1 2 0 3 -1 0 -1 -2 2 3 -3 1 -3 3 3 -3 -2 1 0 0 0 -1 -3 -1 -3 -3 -2 2 -1 2 1 -2 -1 3 2 1 -1 -1 -3 1 2 2 2 0 -3 0 2 -2 -2 1 -1 -1 -1 -2 -2 0 -1 3 0 -3 1 -3 -3 1 0 3 -2 1 -2 2 3 -2 -1 -2 -2 -2 -2 1 2 -1 3 1 2 1 1 -3 1 -1 3 -3 -1 -2 2 2 -2 -2 1 -1 0 3 -3 3 3 3 0 0 2 2 0 1 -3 1 -3 -3 2 2 3 -3 -3
-1 1 -3 -2 2 -1 0 1 3 -2 0 -1 1 -2 2 1 3 1 -1 1 -1 -2 1 -2 -3 1 -3 -2 2 2 0 2 3 -1 -3 3 0 0 0 -3 -1 -3 -1 2 0 -2 -2 -2 -3 -2 0 -3 -3 0 3 0 3 2 3 2 0 0 -1 2 2 -2 1 0 -2 3 3 -3 0 2 -2 1 -1 0 -1 2 1 3 -3 1 0 -2 2 0 0 -2 1 3 1 3 2 -3 3 -3 -1 -2 2 1 2 -1 -3 -3 1 1 1 0 2 1 3 -1 0 -1 -3 3 -2 -2 2 1 2 0 -3 2 2 -1 -3 0 3 -3 3 0 -2 3 1 0 2 -1 -1 -3 -1 -3 -2 2 -2 1 -3 0 -3 3 2 2 0 1 -1 2 2 -3
2 0 3 2 -3 2 1 3 1 -1 -1 1 2 -3 1 -3 -1 -2 3 0 -3 2 -3 -2 -2 -1 3 1 2 -1 -1 -1 2 -1 3 0 -2 -3 3 3 2 2 2 0 0 2 2 3 0 3 -2 -2 -1 0 3 3 3 1 -1 0 -1 2 0 -3 -3 -3 2 -1 3 0 3 3 3 3 1 0 -1 -1 3 -3 1 3 3 0 -2 1 -2 0 -1 -3 0 -2 0 1 3 1 -1 -3 1 0 1 1 -3 2 0 -2 3 1 -3 0 0 -2 -2 1 -1 -1 1 -1 1 3 3 3 2 0 2 2 -1 2 2 1 2 -2 -1 2 3 -2 -1 -1 -1 2 2 -2 -1 0 -1 0 3 -1 -2 1 0 0 -1 -3 0 2 -3 -2 2 2
1 -2 0 -3 2 2 3 1 2 -3 1 0 0 2 -3 -2 1 -2 0 -3 2 -2 1 3 -2 2 0 2 3 -1 0 0 3 -3 2 -2 1 3 -3 -2 -3 2 0 -3 -3 3 1 0 3 -1 3 -3 3 3 1 -1 -3 -1 -2 1 -2 3 2 2 -2 -2 -2 -2 -3 2 0 1 -3 3 2 2 0 2 -1 -3 0 -3 3 3 3 0 3 -1 0 1 1 -3 2 3 -1 -3 -3 2 2 -1 -3 2 0 -1 0 -1 -1 -1 0 1 -1 -1 3 -3 0 3 1 3 0 0 -2 1 -2 -1 1 2 2 -3 -1 3 -3 -1 2 -2 -2 -2 -3 -3 -1 -1 -3 -3 -3 -2 1 -3 0 2 3 0 0 -3 2 2 -2 0 -1 1 1 -1
3 2 -2 -3 -2 -1 -2 -1 3 2 -2 0 -3 -3 2 -3 -1 3 1 -3 -3 -3 -2 3 2 0 2 -3 -1 -2 3 -3 -1 2 3 -2 3 -2 0 0 -2 3 -2 1 0 2 1 2 -1 -3 3 -1 3 -3 3 -1 1 -3 -3 -2 -2 -1 -1 3 -1 3 3 2 0 1 2 1 1 2 -2 3 2 1 -2 2 2 -1 2 1 -1 -3 0 -1 1 -3 3 1 2 -3 3 1 2 -1 -3 -1 1 2 2 2 3 -3 -2 -3 -3 1 -3 3 -1 1 -1 0 2 1 2 2 -3 -3 3 2 2 -2 -2 0 -2 1 -1 3 -2 -2 2 -2 2 0 -1 2 -1 -3 -1 -1 2 -1 1 0 1 0 0 -3 -3 -3 3 -3 0 2 1 -1
3 -1 -2 -2 2 2 -1 3 1 1 -1 0 0 -3 1 3 1 -2 -2 3 2 -2 1 -1 2 -2 -1 3 1 1 -2 2 1 1 3 2 -3 0 2 1 1 -2 0 -3 2 -1 -1 -2 1 3 0 -2 1 3 0 -1 2 0 -2 3 0 -1 2 0 -1 2 -1 1 3 1 0 -2 1 2 -3 0 -3 -2 -2 2 2 2 0 2 3 3 -2 -3 -2 -2 -1 1 -1 3 1 -3 -1 3 3 -1 2 2 0 1 -1 -3 -3 1 -2 0 3 0 -2 3 -2 -2 -1 -1 2 2 2 -3 -1 -1 2 -2 1 1 -1 3 -3 -3 -1 -2 1 3 -3 3 -1 -3 1 0 -2 0 1 3 0 3 2 -2 -1 -2 -1 0 1 -3 1 0 3 3
-2 1 -3 -1 3 -3 -1 2 3 -1 3 -3 -1 -1 1 -1 -1 1 -2 0 -2 1 -2 -3 3 2 1 2 2 3 1 -3 2 0 2 -2 3 3 -2 0 -1 -1 3 1 2 3 -2 0 -1 0 -2 -2 -1 -3 3 0 -2 2 1 -3 1 -3 -3 -1 -1 1 2 3 -2 -2 0 2 -2 -3 3 -2 3 1 3 -1 -3 3 3 1 -1 0 1 3 0 3 -3 2 1 1 3 2 -2 3 -1 -2 -2 3 -3 3 -1 2 2 3 2 1 2 -2 -1 0 1 0 -3 -2 -1 -3 3 -2 -2 0 -1 -2 1 2 0 3 0 -1 0 1 -1 -2 2 1 -3 2 1 -2 0 -1 3 -1 -2 1 -1 2 0 0 -3 2 1 0 2 2 -2 2
0 2 2 -2 2 2 0 2 0 3 -1 -2 -1 1 2 2 -1 3 0 1 -1 1 -1 -2 -3 3 -1 1 3 0 3 1 -1 2 2 -3 1 3 3 3 3 2 1 -1 -2 1 3 0 2 -3 0 1 3 3 -2 3 -1 -3 1 -1 -2 -3 -2 2 -2 -2 1 3 -1 0 0 0 0 -3 3 1 3 -3 -1 -1 2 -1 2 -3 1 -3 2 1 1 0 1 -2 3 -2 -3 2 0 3 2 -2 2 2 3 -3 -3 -3 3 1 3 0 1 1 3 3 3 2 -3 -2 1 3 -3 -2 0 -1 0 -1 -1 2 3 1 -3 -2 2 1 -2 -2 3 -3 3 2 -1 3 1 -3 -3 0 2 -2 -2 -2 2 3 3 -2 -1 -1 1 1 -1 -1
0 -2 2 -2 2 1 0 -1 2 1 -2 -1 -3 -1 -2 2 -2 0 1 -3 1 0 -1 -1 0 1 -2 2 2 -1 -3 0 3 2 1 1 3 2 0 1 2 2 2 -1 1 3 1 2 -3 -1 2 -2 3 -3 2 2 1 3 -1 3 -3 0 0 1 0 -3 -3 1 -1 -1 0 0 -1 2 -1 0 0 1 -2 -3 3 0 -3 0 1 3 1 3 2 -3 -2 1 -1 3 -2 2 3 -1 1 0 0 3 2 2 2 -3 0 2 2 -1 -1 3 0 0 -3 2 1 -2 -2 -1 -3 -1 -2 0 1 1 -2 -2 3 2 -3 -2 3 -3 -1 2 0 -2 1 -2 0 3 3 3 3 -3 1 -3 2 -2 -1 -3 0 -2 1 3 -1 -2 -2 3
3 -3 3 1 0 -3 2 -3 3 2 -1 2 -1 1 -2 -3 3 -3 0 -1 3 3 -1 -1 -2 2 -1 -3 0 -1 -2 -1 2 1 2 0 0 -3 -2 2 0 2 -3 0 0 0 2 1 -2 3 2 1 0 3 3 -1 3 -1 1 -3 0 0 -1 -2 3 -2 1 -2 2 2 2 -1 1 1 1 -1 2 -3 -3 -3 1 3 2 2 0 -1 -1 2 0 -3 3 -3 -2 -1 -1 2 -1 -1 1 2 -1 -3 1 1 -2 1 -2 0 1 -1 -3 2 -3 2 3 -1 1 -3 0 -1 -2 -1 3 0 -1 1 -3 3 1 -2 0 0 -3 -1 2 -3 3 2 2 -3 -2 -1 -3 1 2 1 -3 -2 0 1 -1 -2 1 -3 2 1 2 1 3 -3
1 0 -1 -2 -1 2 -1 3 3 -3 3 0 -2 -1 -2 2 -1 3 3 3 -1 0 1 -2 -3 -2 -3 2 -3 -3 2 -3 1 1 3 0 -1 3 2 -3 1 0 1 2 3 -1 1 0 2 1 -3 2 -2 2 1 3 0 3 2 2 2 -2 -1 0 2 2 -1 1 -2 2 1 -3 -1 0 -3 3 -3 3 0 3 0 3 0 -2 0 1 0 1 -3 0 -3 0 -3 -2 -1 1 0 -2 1 2 -1 -2 2 -3 -3 0 2 3 -2 3 1 1 1 3 -1 0 3 2 -3 3 0 -1 3 1 2 -3 -1 -3 1 2 0 2 0 0 -3 -2 3 -1 3 -2 0 0 3 1 1 -1 0 2 1 -2 3 0 1 1 -2 -2 -1 -1 2 -1
-1 -3 0 2 1 3 3 2 0 0 -3 2 -1 3 2 -2 0 2 -2 2 1 -2 1 3 -1 -3 -1 1 -1 0 -1 2 3 -1 1 1 -2 -1 3 1 2 1 0 1 1 0 1 0 -1 2 0 -1 -3 -2 3 -1 -1 1 -1 -1 2 -2 -1 1 0 -1 3 0 0 0 1 -3 3 0 2 1 1 -2 1 -2 2 -1 -1 2 -3 -1 -3 -1 -1 0 -3 2 2 2 -1 0 3 2 1 -2 -1 2 2 -3 -3 0 1 0 3 -3 2 0 -1 -2 -1 -3 -1 -2 -1 1 -3 2 -2 3 1 2 -2 0 2 0 1 2 -2 -3 3 -1 -2 2 3 -3 -1 3 -1 1 3 -1 -1 -1 -3 -3 -3 -2 -3 3 1 -2 2 -1 1 2
1 1 -3 -2 -3 -3 3 -1 1 0 1 1 2 -1 0 -1 1 -2 1 0 -3 -3 1 0 0 2 -1 0 0 0 2 -3 3 -1 3 -2 1 0 0 1 3 0 0 -2 -2 -1 -2 0 -3 -1 2 1 -2 0 1 2 -2 1 -3 -2 1 2 -2 -2 3 1 -1 -1 0 -1 3 -1 -2 0 2 -3 1 -1 -3 1 -3 -2 2 3 2 -3 0 2 0 2 3 -3 3 1 -1 1 0 0 1 2 2 -2 2 3 1 1 2 2 0 -3 -2 -3 2 2 -1 3 3 -1 2 1 -1 3 -2 -1 -1 -2 1 1 3 2 1 -3 3 0 -2 -2 -1 2 3 -1 0 -2 -1 1 1 0 0 -1 1 0 0 0 -2 -1 -2 3 2 0 2 -3
0 0 2 0 -3 0 2 2 1 -1 0 2 0 1 2 -3 -3 -1 3 1 -2 2 0 3 -3 -1 3 1 -3 -1 1 -3 0 -3 1 2 0 -1 -2 3 -3 1 -2 0 -2 -3 -3 0 0 0 0 -2 -2 -2 -1 1 2 1 0 -2 -1 -2 0 -3 2 -1 -1 2 1 0 -3 2 3 2 0 3 0 2 3 -3 -3 1 0 -1 0 -3 -2 1 3 -2 2 -1 -1 1 -1 3 -1 -3 1 -1 -1 -3 3 -2 1 2 3 -1 1 3 1 -2 -1 2 -1 2 1 1 -2 2 3 0 -1 -1 0 2 3 0 0 -2 -3 -2 0 0 3 0 0 3 1 0 -2 3 3 2 1 -2 -2 -3 0 1 0 1 3 0 0 3 -2 -1 2 3
3 3 -1 0 0 -3 3 -2 -1 1 -2 -2 -3 3 -2 3 -1 -1 3 3 3 1 -3 -3 3 -2 1 2 3 0 -3 3 -2 -1 1 1 -2 0 1 0 -2 3 2 -1 -3 -3 -2 -1 0 -3 3 -2 2 0 -3 0 -3 1 -2 -2 -3 -2 1 0 0 -3 1 0 0 -3 -1 0 -1 -2 -3 -3 -3 -1 -2 1 -3 -3 0 2 3 -2 -3 2 -2 0 -1 1 -1 -1 -2 2 0 -1 -2 -2 1 1 -1 -2 -1 0 0 3 3 2 -2 -3 3 1 -3 0 2 3 3 2 -1 -2 -2 0 0 -3 3 -1 -3 -2 -1 -1 0 1 1 -2 3 -2 -2 -3 1 3 -3 0 -3 0 0 -1 3 -3 0 0 0 -2 3 2 -3 -2 1 -3
2 0 2 -2 3 0 0 0 0 3 0 -1 -3 1 -3 -3 0 1 -1 2 -2 -1 -3 -3 -1 3 -2 3 2 -2 -3 3 -3 1 1 1 2 1 -1 3 1 2 3 0 -2 -3 1 0 -3 -1 0 1 1 -1 2 3 -1 0 2 -2 1 -2 1 1 0 0 3 3 -2 2 -1 2 0 -2 -3 -1 -2 1 2 1 1 1 3 1 -3 2 2 1 -1 -1 -2 0 2 -2 3 2 0 -3 -1 2 1 2 2 -3 -1 -1 1 1 0 3 -3 -3 1 0 -2 0 2 2 -1 -3 -2 0 -3 0 0 3 2 3 -3 2 -1 3 1 0 0 0 -2 -1 2 2 0 1 0 -2 1 -2 0 0 -3 1 2 3 1 -2 3 -3 0 -2 -3 -2
-3 2 -1 1 3 2 -3 -3 3 -1 0 1 0 -1 2 0 -1 2 3 3 -1 -1 -3 -2 3 -1 1 0 -2 3 1 1 0 0 -3 0 3 1 2 -1 -3 -2 -2 3 3 -2 1 -3 -2 -2 0 1 -1 3 0 1 2 2 0 -2 -1 2 2 2 -1 -1 0 -3 0 3 -2 0 1 -3 0 1 -2 -1 0 1 -3 -3 -3 -1 0 -1 1 3 0 -2 -2 -1 0 -3 1 1 1 2 0 3 0 2 0 1 -3 1 2 1 -1 2 2 0 -3 1 3 2 1 1 1 -1 2 -3 -3 2 -2 -1 1 0 2 2 3 -2 -1 2 -3 2 -2 1 -3 -1 2 -1 3 0 0 -3 2 -1 2 -1 2 1 -1 -2 0 1 1 3 -1 3
-3 -3 2 0 -2 0 2 -3 -1 1 2 1 3 0 3 1 -1 0 3 -3 1 -2 -2 -3 0 -3 -3 -3 2 1 -2 -1 -1 -2 -2 -3 1 -3 -2 -2 2 3 1 -3 -3 1 0 -1 -2 0 3 2 1 3 -1 1 1 3 -2 -2 0 3 -2 1 0 -3 1 -2 3 2 -1 0 -1 1 0 -1 3 -3 3 0 -3 -3 3 -2 -1 -3 1 1 3 2 0 3 -3 3 -3 2 -3 -3 2 -2 -2 1 -2 -3 2 3 2 -1 -3 -2 -1 3 3 3 -3 0 2 2 2 -1 -3 -3 1 2 -2 0 3 -3 3 -2 -1 3 0 -3 -2 -3 3 -1 3 1 3 -3 -1 -1 3 -2 -1 0 1 3 -2 -1 -3 1 3 -3 -1 2 0 0
2 -2 -1 3 -2 -1 -2 3 3 0 -1 3 3 1 2 -3 0 3 -3 -3 -2 -3 -1 1 0 0 0 -1 0 -2 -3 -2 -1 2 -2 3 3 -2 1 0 0 2 -1 -2 3 3 1 0 0 -1 2 0 1 0 -2 -2 -3 2 -1 1 2 -3 -3 -2 -1 1 2 3 -1 -2 -1 2 -2 1 2 2 2 2 -3 2 1 -1 -2 -3 -3 -2 -3 2 -1 3 2 1 -1 0 -2 3 -2 1 -1 1 3 -2 3 0 -1 -2 -2 -3 2 -3 0 -1 0 -2 -1 3 -2 -3 -1 -1 0 0 -3 3 0 0 2 -3 -2 3 2 -2 0 -2 -3 -3 1 0 2 -3 2 -3 1 0 1 1 0 3 3 -3 -3 0 2 3 0 -1 -1 3 1 0
-1 -2 3 -2 -2 -2 0 -3 1 2 3 2 -3 3 1 -2 3 1 0 3 2 2 -2 1 3 -1 3 1 -2 0 -2 -3 2 -3 2 -2 -2 3 3 -1 0 -3 2 0 3 -2 -1 3 -1 1 3 0 -3 1 0 0 2 1 -1 0 -2 1 2 -2 1 1 2 3 2 -1 1 1 3 -2 3 3 0 0 0 -3 3 -3 -1 -1 2 1 2 3 -3 3 -2 0 1 -1 -3 -2 0 1 0 -2 -2 -1 2 0 1 -1 -2 1 -1 3 0 -3 0 3 -3 0 -3 -1 3 2 0 1 1 -3 1 -2 -1 0 1 3 3 -1 3 2 0 2 3 1 3 0 0 -3 2 1 0 2 -2 2 1 0 3 2 3 0 2 1 2 3 2 -1
3 1 -1 -2 -1 2 1 3 -1 -3 -1 -2 1 1 -1 0 -1 -2 1 0 -1 -1 2 -2 -2 -3 1 -3 3 -1 -3 0 2 2 -1 -1 -1 -3 1 0 -3 -2 -3 3 0 -1 -3 -1 2 -3 1 2 -2 1 -1 1 -3 3 0 2 2 1 -1 3 -2 -3 0 2 2 1 -1 1 2 -2 -2 1 1 1 -3 1 3 1 2 -1 0 1 1 1 3 -1 -1 2 1 3 -2 0 -1 -3 -3 3 -2 1 -3 -3 2 -3 -3 2 1 1 1 3 -1 1 -1 -3 1 3 -1 -2 2 -2 0 0 0 -3 -3 0 -2 3 2 -3 1 0 -1 1 1 0 -1 -2 3 2 -2 1 -3 0 -1 2 -1 3 -1 3 0 0 -3 -2 2 -3 -3 1
-2 2 -1 2 -3 1 2 -1 0 -3 1 -3 2 0 0 1 2 0 0 -1 3 -2 3 3 -2 -3 0 -1 -1 -1 0 3 1 -3 -1 2 1 0 1 -2 0 -2 0 -2 1 3 -3 3 3 0 -2 -2 0 2 -2 -2 -1 2 3 -2 -3 3 -2 1 -3 -3 -3 -2 2 -2 -2 -1 3 2 0 -1 -3 -3 -3 -3 1 2 3 -1 -2 2 2 1 -1 2 2 -3 2 -1 -3 3 -2 3 0 -1 -2 -3 0 -1 -2 3 -3 3 0 -1 0 -2 2 2 -1 0 -1 -3 0 -1 0 0 2 1 1 -1 -3 3 -2 1 0 2 -3 -2 0 1 -2 0 -2 -2 -2 0 0 -3 2 1 1 -3 -3 1 -2 -3 -3 3 0 -2 -2 1 -1 -3
0 1 0 -2 -2 -3 -3 -1 2 1 3 1 -1 3 3 2 2 2 -1 0 -1 1 1 -3 0 -2 3 1 -1 0 -1 0 -1 3 3 3 3 2 -2 2 -3 -2 -1 -1 0 -2 2 -1 -3 3 1 2 3 0 0 0 0 -1 -3 -2 -1 3 0 -2 -3 -3 2 -1 -2 0 1 -2 -3 2 -2 -2 1 3 0 2 -3 -1 -2 -1 3 3 -1 -3 -3 2 -3 2 2 1 1 -2 0 0 0 -2 0 -1 -3 -1 -3 -1 1 2 3 -1 0 0 0 2 3 2 -2 2 -3 0 3 -2 1 -3 1 -3 -1 2 2 0 1 -2 -2 2 -3 0 -1 -2 3 1 3 1 3 -2 2 1 0 -3 -3 1 2 -3 -2 1 0 0 0 -3 2 -3
1 0 -1 -3 -1 -1 2 -3 -3 1 2 3 -3 -3 -2 -3 0 -1 -2 3 2 2 3 3 1 -1 -2 0 2 -3 2 -1 -2 0 3 -1 1 3 -2 0 1 -3 -3 1 -2 -2 -2 -3 1 0 0 -1 0 2 -1 -2 0 -2 2 0 -3 -2 3 2 1 2 -2 3 -2 -1 -3 2 3 -1 -3 0 1 -1 1 -3 2 2 -1 2 -2 -1 -1 -3 1 3 1 0 -2 -3 3 3 2 2 3 2 0 0 0 -2 2 2 -2 3 -1 3 -1 -2 -1 1 3 0 -1 2 -3 3 -3 -2 1 -1 -1 0 1 -3 -2 -3 -1 1 -3 1 -1 -1 1 -2 2 2 -3 3 0 -3 1 -3 2 3 2 3 -2 3 2 3 -2 0 1 2 2 -2
0 0 3 2 0 3 -1 -3 2 1 1 -2 2 0 0 3 2 3 3 -1 0 1 3 3 3 1 -3 0 -2 -2 1 3 0 3 0 -2 0 3 0 -1 -2 0 -1 -3 0 3 -3 -3 3 3 2 -2 -2 1 1 3 1 0 1 -1 3 2 -3 0 -2 2 -1 2 -3 2 1 1 3 -2 3 3 1 -3 2 -3 -2 -1 -2 -2 3 -1 2 -2 -1 -2 3 2 3 3 2 2 -3 -2 3 2 2 2 2 3 -2 2 1 3 0 1 1 0 1 -3 0 -2 -1 1 -3 -3 1 -3 -2 3 3 3 1 3 -1 2 1 -2 2 -1 3 0 -1 2 2 -3 -2 -1 0 1 2 -1 3 3 2 2 -3 -2 0 1 -2 -2 -1 3 1 2
-2 -1 1 -1 1 1 -1 3 2 2 0 -1 -2 1 0 -2 -2 1 -3 -3 -1 2 1 1 -3 3 -1 3 -2 2 0 0 -2 3 -1 0 -1 -1 -2 3 0 -2 -1 -2 3 -2 -1 -2 -3 2 -3 -1 -3 -1 2 1 -3 0 2 -2 2 2 -3 2 -3 2 1 -2 3 1 -2 -3 -3 -1 3 0 2 -3 2 -1 2 3 0 2 2 -3 1 -1 -1 -2 2 -1 2 -3 -2 -1 -1 0 -1 1 3 1 2 -1 -3 2 -2 -3 3 -2 0 1 1 2 2 3 3 0 2 -1 0 0 1 -1 3 -1 2 -2 1 -2 -2 -2 -1 3 2 3 -1 3 -2 -3 -3 -1 3 -1 -2 -1 -1 -3 1 3 -2 3 3 3 -1 1 3 2 1 -2
1 2 -1 -1 3 1 -2 -1 0 -2 -1 -3 -2 1 2 -3 -1 0 -2 -2 -1 -2 -3 0 -2 -1 -1 -3 3 2 -3 -3 3 1 -1 -1 -1 2 2 -2 2 1 -2 1 0 -1 0 2 0 -3 3 -1 -1 2 2 -3 -3 -3 -3 -3 -3 3 1 2 3 3 -2 -1 0 2 0 2 0 -2 -3 -3 -3 3 2 -3 -3 3 -3 -2 -3 -3 1 -3 -1 3 3 2 -1 -3 3 -1 3 3 -1 -1 -2 -2 -1 -3 0 3 1 0 0 -2 -2 -2 -3 -2 -1 -2 1 3 2 1 1 3 0 2 3 3 3 0 3 1 -3 -1 -1 0 2 0 -1 -1 0 -2 -1 1 3 -3 0 -3 0 0 2 3 -1 1 3 0 -1 2 1 1 -2 -1
-2 0 -2 3 -1 -3 -1 3 -1 -1 -2 -1 0 2 0 -3 -1 3 -2 1 2 0 1 3 1 -3 -2 -2 -2 3 3 1 2 -1 -2 3 0 2 -2 -2 0 2 0 -1 2 -1 1 3 1 1 3 3 -1 0 0 2 -3 0 -3 -2 2 1 -1 0 1 -2 3 2 2 -3 2 2 2 0 -2 2 1 2 -1 -2 -3 2 -1 -1 -3 3 -1 1 1 0 3 2 -1 1 2 3 0 -1 0 2 1 1 1 0 1 -1 2 -3 -1 -2 -3 1 1 -1 1 3 2 2 0 0 -3 -3 0 -2 1 3 0 1 -1 3 2 -1 -3 -2 0 1 -2 2 3 -2 -3 -1 -3 3 2 3 -1 -2 1 1 1 -3 2 1 -1 -3 0 2 -2 -2
-1 2 1 -1 3 2 0 1 3 -2 1 1 1 -1 -1 2 3 -3 -3 -3 2 3 3 -1 1 -1 1 -1 2 -2 3 -3 1 1 -3 -2 1 3 0 -2 2 2 -3 -2 -3 2 -1 -3 0 0 -1 3 1 3 -1 -2 1 -3 2 3 2 3 -1 2 -1 0 0 -2 0 -3 1 2 2 1 3 0 2 2 1 1 1 1 -2 -1 1 -1 1 1 3 0 0 -1 2 3 -1 2 2 -1 3 2 1 2 1 2 3 -3 -3 1 -2 -3 -1 3 1 -3 2 1 0 -1 1 -1 1 0 3 3 1 3 1 -1 -3 -1 -3 1 3 2 3 3 3 -1 0 -1 -1 -1 -3 1 -1 0 -3 1 2 -1 -1 -2 3 0 -2 3 1 -3 -2 1
2 -1 0 -3 3 2 2 0 1 0 2 2 -1 3 3 2 0 3 -3 -1 -2 2 -1 -2 2 -1 -3 -1 3 -3 -3 0 -2 -1 3 2 1 2 1 2 2 -1 1 1 -2 0 -1 -1 2 2 -3 -2 2 -1 1 -3 -2 1 -2 -1 2 -1 -1 -2 -1 -2 -2 0 1 3 0 -3 -2 -3 -2 2 -3 1 2 3 -3 1 3 0 -3 2 3 -3 -2 1 0 2 -1 1 -1 3 3 -1 3 -3 -1 0 -3 2 -1 -1 2 -3 -1 1 2 2 -3 0 3 -1 -2 2 2 1 0 -3 -1 -1 1 -1 -3 3 -2 -1 3 2 3 -2 -3 1 3 -3 2 -1 -2 2 3 -2 3 1 -2 -3 -2 -2 -1 2 3 -1 -1 -1 -3 0 -1 -2
-3 3 -3 -2 -2 0 3 2 -3 1 -1 -3 -2 1 0 3 3 1 -3 -3 -2 1 -1 2 -3 -3 3 0 -3 0 0 -3 1 1 0 0 1 -3 -1 0 -3 2 -1 1 -1 0 0 -1 -2 -3 -1 3 -2 -3 1 2 -1 3 0 -1 -3 -3 -2 1 -2 3 2 -1 3 -1 -2 -1 2 -2 -1 -1 1 -1 2 2 2 -1 2 -3 3 0 -1 -1 2 1 -1 3 1 3 -2 3 2 -3 -1 -1 0 2 0 -2 -3 -1 -2 0 2 -1 -3 -3 0 3 2 -1 1 2 -2 3 -2 2 -1 -2 -3 -2 -2 -1 0 -2 1 -1 2 1 -3 -1 2 -3 2 -1 -2 1 -2 -2 -3 -1 2 2 0 -1 -3 1 -1 0 -1 2 -1 3 3 0
0 1 -3 3 -3 2 1 3 1 2 -3 -1 -3 2 1 -2 0 0 -3 -3 3 -1 0 -1 -2 2 1 2 3 -2 2 3 -2 2 0 -2 -1 3 3 2 0 0 -2 3 2 2 1 -1 -3 0 -3 1 1 -1 1 1 -3 2 -2 2 2 -1 2 -1 -2 2 -2 3 2 -3 -1 -3 1 3 2 1 1 -1 2 -1 3 1 -2 0 -2 0 0 0 -1 2 3 2 2 -1 -2 -2 1 1 -2 1 1 -3 -1 2 1 0 2 2 -3 2 -1 -3 3 2 1 2 1 0 -1 -2 -1 2 -3 1 2 -2 3 3 2 -2 -2 1 2 1 -1 0 -2 2 -3 -2 -3 -2 -2 1 2 -3 2 -3 -3 -2 1 3 0 2 2 1 3 1 3 1
